# MMR_centers.properties 
# all regions centers (id, lat, long)
# level 0
MMR=19.75, 96.1
# level 1
MM-PEG=18.30,96.13
MM-KSE=19.23,97.38
MM-SGN=24.15,95.33
MM-TNS=12.0, 99.1
MM-MAG=20.46,94.84
MM-AST=19.14,93.75
MM-MND=21.21,96.01
MM-KST=26.08,97.35
MM-IRR=16.833333, 95.166667
MM-SST=21.72,98.13
MM-MST=16.484722, 97.625833
MM-CST=22.16,93.51
MM-KSA=17.0,97.75
MM-RNG= 17.0, 96.166667
