# SLE_centers.properties 
# all regions centers (id, lat, long) 

# level 0 
SLE = 8.694411, -11.799865

# level 1 
SL-E = 8.563833, -11.018034
SL-N = 9.172705, -12.021611
SL-S = 7.872255, -11.987672
SL-W = 8.313922, -13.086573

# level 2 
SL-E-G010001 = 7.940215, -10.816867
SL-E-G010002 = 7.602685, -11.155011
SL-E-G010003 = 8.698252, -11.017059
SL-N-G020001 = 9.124676, -12.166012
SL-N-G020002 = 9.080541, -12.868098
SL-N-G020003 = 9.591748, -11.467488
SL-N-G020004 = 8.751699, -12.643146
SL-N-G020005 = 8.767746, -11.68555
SL-S-G030001 = 8.114243, -11.624588
SL-S-G030002 = 7.457032, -12.138576
SL-S-G030003 = 8.05752, -12.549119
SL-S-G030004 = 7.31768, -11.593278
SL-W-G040001 = 8.456076, -13.25011
SL-W-G040002 = 8.313908, -13.086592
