# SWE_centers.properties 
# all regions centers (id, lat, long) 

# level 0 
SWE = 59.31248664285714, 15.240844

# level 1 
SE-AB = 59.655193, 18.345475
SE-AC = 65.010184, 16.932587
SE-BD = 67.02641, 21.068926
SE-BH = 58.662155, 11.490967
SE-C = 60.111336, 17.849136
SE-D = 59.057939, 16.567654
SE-F = 57.640144, 14.659882
SE-G = 56.782316, 14.788088
SE-H = 57.381858, 16.060389
SE-I = 57.453176, 18.455164
SE-K = 56.338345, 15.391039
SE-KP = 60.7788, 15.002571
SE-L = 57.692185, 13.023916
SE-MO = 55.706567, 13.38575
SE-N = 56.931649, 12.846084
SE-RI = 56.159512, 14.082661
SE-S = 59.963667, 13.098241
SE-SK = 58.310403, 13.860315
SE-ST = 58.345173, 15.511897
SE-T = 59.371168, 15.017918
SE-U = 59.733136, 16.021175
SE-X = 61.579453, 16.396243
SE-Y = 63.313541, 17.474044
SE-Z = 62.971033, 13.815648

# level 2 
SE-G1 = 58.988175, 13.659945
SE-G2 = 58.812548, 13.693486
SE-G3 = 58.782377, 13.826783
SE-G4 = 58.191183, 14.417648
