# COG_centers.properties 
# all regions centers (id, lat, long) 

# level 0 
COG = 0.06209, 15.938432

# level 1 
CG-10 = -3.995771, 13.862913
CG-12 = -3.658394, 14.993734
CG-14 = -4.350556, 12.134626
CG-2 = -2.932586, 13.652653
CG-3 = 1.091715, 15.766303
CG-4 = -2.1545, 15.451974
CG-7 = 2.784723, 17.463414
CG-8 = -0.319209, 15.145941
CG-9 = -2.884509, 12.520532

# level 2 
CG-10-G010001 = -4.492259, 13.542469
CG-10-G010002 = -4.068754, 13.013087
CG-10-G010003 = -4.168567, 13.560044
CG-10-G010004 = -4.383621, 13.876057
CG-10-G010005 = -3.950598, 13.902907
CG-10-G010006 = -4.196834, 13.294599
CG-12-G100001 = -4.653898, 14.661318
CG-12-G100002 = -3.350362, 14.47041
CG-12-G100003 = -4.25656, 14.823989
CG-12-G100004 = -3.222554, 15.021373
CG-12-G100005 = -4.138489, 14.475451
CG-12-G100006 = -3.234765, 15.855556
CG-12-G100007 = -3.855603, 15.415624
CG-14-G050001 = -4.181907, 12.052588
CG-14-G050002 = -4.65445, 12.015032
CG-14-G050003 = -4.159441, 11.637753
CG-14-G050004 = -4.399926, 12.387462
CG-2-G060001 = -2.538417, 13.666277
CG-2-G060002 = -2.951158, 13.379941
CG-2-G060003 = -3.624737, 13.313262
CG-2-G060004 = -2.965902, 13.90287
CG-3-G110001 = 1.02049, 16.080437
CG-3-G110002 = 1.761377, 14.668192
CG-3-G110003 = 1.774678, 13.59719
CG-4-G090001 = -1.379681, 15.429065
CG-4-G090002 = -2.6038, 15.371591
CG-4-G090003 = -1.867765, 15.945605
CG-4-G090004 = -2.255438, 14.446881
CG-7-G070001 = 2.884272, 17.686418
CG-7-G070002 = 1.618512, 17.23647
CG-7-G070003 = 1.732511, 17.892925
CG-8-G030001 = -0.843685, 15.341957
CG-8-G030002 = -0.838379, 14.778592
CG-8-G030003 = -0.193648, 14.462995
CG-8-G030004 = 0.145554, 16.976801
CG-8-G030005 = 0.089232, 15.751046
CG-8-G030006 = 0.434302, 14.714235
CG-8-G030007 = -0.929977, 16.703759
CG-8-G030008 = -1.373059, 14.74764
CG-8-G030009 = -0.649428, 15.999329
CG-9-G080001 = -2.694142, 12.060982
CG-9-G080002 = -3.567389, 12.137899
CG-9-G080003 = -4.487472, 13.078884
CG-9-G080004 = -3.829173, 12.42833
CG-9-G080005 = -2.370309, 12.778651
CG-9-G080006 = -2.982461, 12.644828
