# LBR_centers.properties 
# all regions centers (id, lat, long) 

# level 0 
LBR = 7.035208, -10.213133

# level 1 
LR-BG = 6.920579, -9.505494
LR-BM = 6.697625, -10.821558
LR-CM = 6.915272, -11.177831
LR-GB = 6.22777, -9.907536
LR-GG = 5.533361, -7.968088
LR-GK = 4.688087, -8.14685
LR-LO = 7.733585, -9.970893
LR-MO = 6.483436, -10.410255
LR-MR = 6.281323, -10.558417
LR-MY = 4.928274, -7.992685
LR-NI = 6.907375, -8.746094
LR-RI = 5.882721, -9.376849
LR-SA = 4.899989, -8.445197
LR-SI = 5.314391, -8.827744

# level 2 
LR-BG-G020001 = 7.088354, -9.41141
LR-BG-G020002 = 6.611029, -9.985513
LR-BG-G020003 = 6.572945, -9.528552
LR-BG-G020004 = 6.878507, -10.237606
LR-BG-G020005 = 7.037996, -9.851725
LR-BM-G010001 = 6.697685, -10.82154
LR-BM-G010002 = 6.783924, -10.624449
LR-CM-G040001 = 6.871135, -11.096754
LR-CM-G040002 = 7.29303, -11.032229
LR-CM-G040003 = 6.747312, -11.279091
LR-CM-G040004 = 6.908058, -11.353371
LR-GB-G030001 = 6.190595, -10.20727
LR-GB-G030002 = 6.417142, -9.90468
LR-GB-G030003 = 6.328602, -9.575951
LR-GB-G030004 = 5.791262, -9.806173
LR-GB-G030005 = 5.888215, -10.035444
LR-GG-G050001 = 6.124165, -8.5437
LR-GG-G050002 = 5.314315, -8.073846
LR-GG-G050003 = 5.798705, -7.879588
LR-GG-G050004 = 6.026212, -8.147842
LR-GG-G050005 = 5.298005, -7.649605
LR-GK-G060001 = 4.605401, -7.919113
LR-GK-G060002 = 4.67545, -8.177682
LR-LO-G070001 = 7.405312, -10.078026
LR-LO-G070002 = 7.714032, -10.440287
LR-LO-G070003 = 8.006994, -10.489247
LR-LO-G070004 = 8.081466, -10.172013
LR-LO-G070005 = 8.254695, -9.813794
LR-LO-G070006 = 7.838336, -9.627983
LR-MO-G110001 = 6.459259, -10.589758
LR-MO-G110002 = 6.413735, -10.339479
LR-MO-G110003 = 6.664911, -10.304413
LR-MO-G110004 = 6.2926, -10.693618
LR-MO-G110005 = 6.470268, -10.726138
LR-MO-G110006 = 6.654951, -10.498838
LR-MR-G090001 = 6.301448, -10.552846
LR-MR-G090002 = 6.221186, -10.496371
LR-MY-G100001 = 4.928287, -7.99265
LR-MY-G100002 = 4.441298, -7.741859
LR-MY-G100003 = 4.707841, -7.691647
LR-NI-G120001 = 7.163519, -8.461105
LR-NI-G120002 = 6.993461, -8.971337
LR-NI-G120003 = 7.279759, -8.720315
LR-NI-G120004 = 6.568538, -8.788044
LR-NI-G120005 = 6.444556, -9.059684
LR-NI-G120006 = 6.842629, -8.41415
LR-RI-G130001 = 6.207263, -9.283305
LR-RI-G130002 = 5.69935, -9.500562
LR-SA-G140001 = 4.899989, -8.445197
LR-SI-G150001 = 5.541962, -9.200879
LR-SI-G150002 = 5.05699, -9.058842
LR-SI-G150003 = 5.660958, -8.893944
LR-SI-G150004 = 5.584296, -8.666151
LR-SI-G150005 = 5.235891, -8.633467
