# DEU_centers.properties 
# all regions centers (id, lat, long) 

# level 0 

# level 1 
DE-LP = 51.333863, 12.585504
DE-AR = 51.256161, 8.108647
DE-BB = 52.528177, 13.4647
DE-BE = 52.524406, 13.420294
DE-BR = 52.362173, 10.644297
DE-BY = 48.095347, 11.646298
DE-CM = 50.756387, 12.898299
DE-DA = 50.07567, 8.647971
DE-DA2 = 51.82426, 12.267222
DE-DR = 51.057819, 13.754758
DE-DT = 51.940405, 8.751213
DE-DU = 51.395501, 6.559492
DE-FR = 48.010705, 8.040868
DE-GI = 50.712593, 8.871368
DE-HA = 52.231983, 9.555553
DE-HA2 = 51.350681, 11.863018
DE-HB = 53.092734, 8.817324
DE-HH = 53.546207, 9.966982
DE-KA = 51.114055, 9.352771
DE-KA2 = 48.794178, 8.500137
DE-KO = 50.711675, 6.565557
DE-KO2 = 50.293805, 7.425931
DE-LU = 53.010475, 10.03119
DE-MA = 52.443062, 11.5519
DE-MT = 49.362706, 10.774333
DE-MU = 51.932387, 7.189917
DE-MV = 53.789449, 12.848197
DE-NI = 48.701469, 13.01176
DE-OB = 49.951058, 11.215191
DE-OB2 = 49.434928, 12.066067
DE-RP = 49.407827, 8.061203
DE-SH = 54.302645, 9.426382
DE-SH2 = 48.222099, 10.463742
DE-SL = 49.398085, 7.057669
DE-ST = 48.961549, 9.579043
DE-TH = 50.933894, 10.746655
DE-TI = 50.041351, 6.694644
DE-TU = 48.076684, 9.637851
DE-UT = 50.031208, 10.079423
DE-WE = 52.976184, 7.824793

# level 2 
DE-DE-UNK-1 = 47.584423, 9.462801
