# ESP_centers.properties 
# all regions centers (id, lat, long) 

# level 0 
ESP = 40.243525647058824, -3.678207235294118

# level 1 
ES-AD = 37.548412, -4.82696
ES-AR = 41.600333, -0.520901
ES-CN = 28.21503, -16.613153
ES-CT = 41.808484, 1.328948
ES-ET = 39.213785, -6.056517
ES-GA = 42.711013, -7.75119
ES-LE = 41.742178, -4.916336
ES-M = 40.517953, -3.739172
ES-MA = 39.401876, -2.430811
ES-MU = 37.889466, -1.560296
ES-NA = 42.682476, -1.62758
ES-O = 43.256204, -6.544279
ES-PM = 39.620344, 2.956332
ES-RI = 42.343545, -2.790694
ES-S = 43.171668, -4.107788
ES-VA = 42.986177, -2.589153
ES-VA2 = 39.430992, -0.739973

# level 2 
