# PHL_centers.properties 
# all regions centers (id, lat, long) 

# level 0 
PHL = 16.953203, 121.394994

# level 1 
PH-1 = 18.103733, 120.726458
PH-10 = 8.470255, 125.505319
PH-11 = 7.773747, 125.855191
PH-12 = 7.072761, 124.632207
PH-2 = 16.970241, 122.014745
PH-3 = 15.330754, 120.832906
PH-4 = 14.086842, 121.213992
PH-5 = 13.241959, 123.539988
PH-6 = 11.156335, 122.433197
PH-7 = 9.688589, 122.792585
PH-8 = 12.208069, 124.973234
PH-9 = 8.065004, 123.25838
PH-CAR = 17.519802, 121.036708
PH-NCR = 14.610846, 121.111637

# level 2 
PH-1-G640001 = 18.103753, 120.726444
PH-1-G640002 = 17.038399, 120.593328
PH-1-G640003 = 16.598933, 120.460687
PH-1-G640004 = 15.934252, 120.437774
PH-10-G650001 = 9.035048, 125.725837
PH-10-G650002 = 8.1308, 125.76385
PH-10-G650003 = 8.053891, 125.003881
PH-10-G650004 = 9.190062, 124.700748
PH-10-G650005 = 8.411452, 123.635712
PH-10-G650006 = 8.647466, 125.069123
PH-10-G650007 = 9.560953, 125.534282
PH-11-G660001 = 8.015541, 125.779035
PH-11-G660002 = 7.396275, 125.439371
PH-11-G660003 = 7.145864, 126.23724
PH-11-G660004 = 6.254479, 124.917767
PH-11-G660005 = 8.888529, 126.113834
PH-12-G670001 = 7.903847, 123.883154
PH-12-G670002 = 7.866113, 124.386203
PH-12-G670003 = 6.967105, 124.237297
PH-12-G670004 = 7.054095, 125.042841
PH-12-G670005 = 6.502244, 124.364915
PH-2-G680001 = 20.736742, 121.828166
PH-2-G680002 = 17.869478, 121.793184
PH-2-G680003 = 16.972288, 122.014303
PH-2-G680004 = 16.389238, 121.114896
PH-2-G680005 = 16.192372, 121.583478
PH-3-G690001 = 14.745982, 120.40996
PH-3-G690002 = 15.007856, 121.116603
PH-3-G690003 = 15.584843, 121.057188
PH-3-G690004 = 15.097729, 120.64928
PH-3-G690005 = 15.51078, 120.487345
PH-3-G690006 = 15.048363, 120.230454
PH-4-G700001 = 16.378831, 121.961957
PH-4-G700002 = 13.968085, 121.070036
PH-4-G700003 = 14.258064, 120.902417
PH-4-G700004 = 14.20118, 121.424128
PH-4-G700005 = 13.392158, 121.952833
PH-4-G700006 = 12.716159, 121.238208
PH-4-G700007 = 12.682206, 121.238189
PH-4-G700008 = 9.056908, 117.911779
PH-4-G700009 = 13.758363, 122.321754
PH-4-G700010 = 14.615269, 121.189113
PH-4-G700011 = 12.336546, 122.01168
PH-5-G710001 = 13.183086, 123.509613
PH-5-G710002 = 14.091644, 122.626638
PH-5-G710003 = 13.561912, 123.334972
PH-5-G710004 = 13.772962, 124.262786
PH-5-G710005 = 12.347521, 123.443384
PH-5-G710006 = 12.737305, 124.00507
PH-6-G720001 = 11.568925, 122.296778
PH-6-G720002 = 11.042151, 122.181033
PH-6-G720003 = 11.381747, 122.71411
PH-6-G720004 = 10.988455, 122.538648
PH-6-G720005 = 9.69159, 122.794851
PH-7-G730001 = 9.89768, 124.266354
PH-7-G730002 = 10.522613, 123.875722
PH-7-G730003 = 9.688589, 122.792585
PH-7-G730004 = 9.169828, 123.591726
PH-8-G740001 = 11.733223, 125.269004
PH-8-G740002 = 11.115575, 124.796288
PH-8-G740003 = 12.394562, 124.945116
PH-8-G740004 = 10.467212, 125.076338
PH-8-G740005 = 11.738733, 125.236341
PH-9-G750001 = 6.56808, 122.038192
PH-9-G750002 = 5.998075, 121.088112
PH-9-G750003 = 5.245363, 120.172832
PH-9-G750004 = 8.324836, 123.358533
PH-9-G750005 = 8.127623, 123.34957
PH-CAR-G230001 = 17.586653, 120.814999
PH-CAR-G230002 = 16.428837, 120.688457
PH-CAR-G230003 = 16.774736, 121.149351
PH-CAR-G230004 = 18.109059, 121.225067
PH-CAR-G230005 = 17.110748, 121.085764
PH-NCR-G520001 = 14.610846, 121.111637
