# PAK_centers.properties 
# all regions centers (id, lat, long) 

# level 0 
PAK = 31.374923, 71.573643

# level 1 
PK-BA = 27.596493, 65.206728
PK-FC = 33.567786, 73.308966
PK-JK = 35.811639, 74.924809
PK-NW = 34.941846, 72.657011
PK-SD = 25.640183, 68.76176
PK-TA = 32.63338, 69.926446
PK-PB = 31.33, 74.21

# level 2 
PK-BA-G010001 = 28.879129, 63.422357
PK-BA-G010002 = 25.429951, 61.940592
PK-BA-G010003 = 28.805224, 67.748306
PK-BA-G010004 = 29.378183, 66.760216
PK-BA-G010005 = 27.951946, 64.997035
PK-BA-G010006 = 27.226609, 66.38145
PK-BA-G010007 = 29.042811, 68.977218
PK-BA-G010008 = 25.514644, 66.879808
PK-BA-G010009 = 30.207947, 68.56867
PK-BA-G010010 = 28.698333, 68.194077
PK-BA-G010011 = 26.735893, 64.12112
PK-BA-G010012 = 30.818489, 67.049675
PK-BA-G010013 = 30.232906, 66.932494
PK-BA-G010014 = 29.87065, 67.866492
PK-BA-G010015 = 26.11591, 62.763727
PK-BA-G010016 = 31.133218, 68.464991
PK-FC-G030001 = 33.567786, 73.308966
PK-JK-G050001 = 34.798132, 74.818262
PK-JK-G050002 = 35.428719, 74.356763
PK-JK-G050003 = 36.389272, 74.482567
PK-JK-G050004 = 35.757672, 73.655437
PK-JK-G050005 = 35.751423, 75.515676
PK-JK-G050006 = 35.135078, 75.050381
PK-JK-G050007 = 34.964966, 74.250987
PK-JK-G050008 = 35.301152, 76.580788
PK-JK-G050009 = 33.379855, 73.833499
PK-JK-G050010 = 33.872194, 73.776539
PK-NW-G060001 = 34.027442, 73.035007
PK-NW-G060002 = 32.595741, 70.818642
PK-NW-G060003 = 35.960402, 71.915631
PK-NW-G060004 = 31.896715, 70.555747
PK-NW-G060005 = 34.980621, 71.958528
PK-NW-G060006 = 33.299778, 71.114934
PK-NW-G060007 = 35.285535, 73.21707
PK-NW-G060008 = 34.552211, 71.861226
PK-NW-G060009 = 34.695378, 73.254622
PK-NW-G060010 = 34.26696, 72.201624
PK-NW-G060011 = 34.079756, 71.707028
PK-NW-G060012 = 34.929506, 72.588645
PK-PB-G080001 = 33.187752, 72.187935
PK-PB-G080002 = 29.800992, 73.049401
PK-PB-G080003 = 28.777701, 71.644699
PK-PB-G080004 = 29.493473, 70.144943
PK-PB-G080005 = 31.341192, 73.17955
PK-PB-G080006 = 32.627179, 74.047854
PK-PB-G080007 = 32.069046, 74.199723
PK-PB-G080008 = 31.399214, 72.226341
PK-PB-G080009 = 32.86529, 72.896577
PK-PB-G080010 = 31.018351, 74.028305
PK-PB-G080011 = 31.327753, 74.355782
PK-PB-G080012 = 31.712696, 71.32713
PK-PB-G080013 = 29.797116, 71.518098
PK-PB-G080014 = 30.910015, 71.189907
PK-PB-G080015 = 28.495863, 70.647414
PK-PB-G080016 = 33.398208, 72.980629
PK-PB-G080017 = 30.716115, 73.475393
PK-PB-G080018 = 32.335394, 72.325318
PK-PB-G080019 = 31.557098, 73.907174
PK-PB-G080020 = 32.232783, 74.744534
PK-PB-G080021 = 30.08338, 72.587868
PK-SD-G090001 = 24.726329, 68.756333
PK-SD-G090002 = 25.847592, 67.843502
PK-SD-G090003 = 25.485843, 68.564026
PK-SD-G090004 = 28.274423, 69.02376
PK-SD-G090005 = 25.093574, 67.239321
PK-SD-G090006 = 26.86462, 69.093903
PK-SD-G090007 = 27.632814, 67.785161
PK-SD-G090008 = 26.44965, 68.195242
PK-SD-G090009 = 25.944448, 69.3529
PK-SD-G090010 = 27.928469, 68.591576
PK-SD-G090011 = 27.6619, 69.427162
PK-SD-G090012 = 25.013795, 70.054456
PK-SD-G090013 = 24.391259, 67.94443
PK-TA-G020001 = 34.825385, 71.494015
PK-TA-G020002 = 34.017074, 71.217915
PK-TA-G020003 = 33.613778, 70.404196
PK-TA-G020004 = 34.492202, 71.447532
PK-TA-G020005 = 32.964778, 70.179589
PK-TA-G020006 = 33.673012, 70.965055
PK-TA-G020007 = 32.398499, 69.779848
