# JPN_centers.properties 
# all regions centers (id, lat, long) 

# level 0 
JPN = 36.763029, 139.522721

# level 1 
JP-0 = 43.464737, 142.654067
JP-CHB = 35.844592, 137.398322
JP-CHG = 34.965425, 133.088678
JP-HRI = 37.265665, 138.860876
JP-KIN = 35.170143, 134.950497
JP-KNT = 36.368728, 139.863517
JP-KYU = 32.819982, 131.185742
JP-RYU = 26.690721, 128.214858
JP-SKO = 33.906478, 134.04174
JP-TAI = 34.963898, 138.043076
JP-TOH = 39.686617, 140.997461

# level 2 
JP-0-G100001 = 43.464737, 142.654067
JP-CHB-G040001 = 36.003527, 137.096308
JP-CHB-G040002 = 36.234603, 138.051006
JP-CHB-G040003 = 35.621574, 138.765889
JP-CHG-G050001 = 34.714106, 133.013708
JP-CHG-G050002 = 34.900012, 133.744013
JP-CHG-G050003 = 35.303408, 132.951355
JP-CHG-G050004 = 35.378078, 134.273179
JP-CHG-G050005 = 34.258794, 131.564726
JP-HRI-G110001 = 35.974134, 136.239918
JP-HRI-G110002 = 36.333471, 136.601366
JP-HRI-G110003 = 37.265246, 138.860734
JP-HRI-G110004 = 36.630887, 137.500812
JP-KIN-G240001 = 35.0791, 134.741198
JP-KIN-G240002 = 35.168095, 135.596617
JP-KIN-G240003 = 34.466533, 135.886843
JP-KIN-G240004 = 34.786724, 135.58189
JP-KIN-G240005 = 35.220818, 136.114621
JP-KIN-G240006 = 33.96399, 135.370737
JP-KNT-G230001 = 36.559142, 139.043952
JP-KNT-G230002 = 36.15819, 140.311384
JP-KNT-G230003 = 35.446052, 139.244294
JP-KNT-G230004 = 35.981439, 139.447819
JP-KNT-G230005 = 36.712657, 139.840086
JP-KNT-G230006 = 35.705011, 139.292238
JP-KNT-G230007 = 35.33309, 140.184323
JP-KYU-G280001 = 33.618304, 130.715787
JP-KYU-G280002 = 31.877055, 130.47607
JP-KYU-G280003 = 32.777793, 130.887609
JP-KYU-G280004 = 32.456074, 131.362434
JP-KYU-G280005 = 32.763043, 130.296712
JP-KYU-G280006 = 33.01781, 131.607154
JP-KYU-G280007 = 33.279929, 130.068108
JP-RYU-G380001 = 26.690721, 128.214858
JP-SKO-G410001 = 33.800194, 132.935648
JP-SKO-G410002 = 34.225112, 133.992148
JP-SKO-G410003 = 33.622898, 133.349347
JP-SKO-G410004 = 33.90287, 134.315937
JP-TAI-G470001 = 35.037436, 137.297473
JP-TAI-G470002 = 34.450466, 136.421431
JP-TAI-G470003 = 34.960922, 138.058117
JP-TOH-G460001 = 40.012599, 140.399157
JP-TOH-G460002 = 40.603231, 141.183659
JP-TOH-G460003 = 37.3861, 140.517392
JP-TOH-G460004 = 39.565761, 141.385416
JP-TOH-G460005 = 38.602628, 140.898522
JP-TOH-G460006 = 38.629047, 140.137212
