# LBY_centers.properties 
# all regions centers (id, lat, long) 

# level 0 
LBY = 26.114487, 20.621738

# level 1 
LY-AJ = 32.495885, 14.183729
LY-BA = 32.692594, 13.350598
LY-BU = 29.455516, 23.479553
LY-BW = 28.999955, 21.213339
LY-DR = 32.066409, 22.582718
LY-GD = 29.781163, 10.688377
LY-GR = 27.496549, 17.516244
LY-GT = 32.186318, 14.4818
LY-HZ = 31.294693, 20.792471
LY-JA = 32.085695, 20.927388
LY-JI = 26.035907, 10.558278
LY-JU = 32.44589, 13.021866
LY-KF = 23.966677, 21.958663
LY-MB = 32.462365, 12.620414
LY-MI = 32.211703, 14.969301
LY-MJ = 32.312925, 13.645499
LY-MQ = 27.321682, 15.572462
LY-MZ = 30.01859, 12.723371
LY-NQ = 32.66212, 11.903971
LY-QB = 31.90885, 12.229378
LY-SB = 31.234602, 14.889591
LY-SR = 30.203713, 17.297748
LY-WA = 28.112992, 13.807419
LY-YJ = 32.411927, 21.669765
LY-ZA = 24.081852, 19.17648
LY-JB = 29.7425, 24.516944
LY-NL = 31.83333, 11.33333
LY-QT = 24.92888, 14.575833
LY-SH = 28, 13
LY-SS = 32.78333, 14.48333
LY-TB = 32.902222, 13.185833 
LY-TM = 32.433591, 13.6345
LY-TN = 32.866667, 13.35
LY-WD = 26.58333, 13.33333

# level 2 
LY-AZY-G040001 = 23.966677, 21.958663
