BURUNDI:0:6370609:228.911570
BUBANZA:1:253446:673.925876
BUJUMBURA:1:669031:922.202266
BURURI:1:440919:349.101473
CANKUZO:1:159568:200.228879
CIBITOKE:1:317159:479.162355
GITEGA:1:633056:903.350091
KARUZI:1:338510:654.059882
KAYANZA:1:497888:1110.452422
KIRUNDO:1:453996:584.911470
MAKAMBA:1:270157:242.432428
MURAMVIYA:1:494382:840.445534
MUYINGA:1:432624:639.464571
NGOZI:1:542930:1006.273805
RUTANA:1:222206:467.790287
RUYIGI:1:285167:330.531067
GITERANYI:2:61803:493.311156
BUGABIRA:2:64856:676.198639
BUSONI:2:64856:308.229272
BWAMBARANGWE:2:64856:787.757033
KIRUNDO:2:64856:634.262325
NTEGA:2:64856:542.719390
GITOBE:2:64856:853.377781
BUTIHINDA:2:61803:552.317629
MUGINA:2:52859:451.576093
VUMBI-BUKUBA:2:64856:722.553253
MABAY:2:52859:359.766524
MARANGARA:2:60325:876.892296
MUYINGA:2:61803:534.813595
GASHOHO:2:61803:889.820024
RUGOMBO:2:52859:635.859027
NVAMURENZA:2:60325:1613.420636
KIREMBA:2:60325:737.395972
MWUMBA:2:60325:1272.913752
BUKINANVANA:2:52859:430.717403
GASORWE:2:61803:772.541022
MURWI:2:52859:545.564855
BUSIGA:2:60325:1159.089447
KABARORE:2:55320:923.395507
GASHIKANWA:2:60325:1084.983108
TANGARA:2:60325:752.221565
BUHINVUZA:2:61803:635.092593
KAYANZA:2:55320:1422.427921
BUGANDA:2:52859:555.413941
NGOZI:2:60325:1030.210296
MURUTA:2:55320:1196.997292
GATARA:2:55320:919.883858
GAHOMBO:2:55320:1473.366594
KIGAMBA:2:31913:135.158155
GITARAMUKA:2:48358:713.268299
MUSIGATI:2:50689:528.486150
RUHORORO:2:60325:1044.405669
BUBANZA:2:50689:610.068881
MUSHIHA:2:31913:205.481293
BUGENYUZI:2:48358:573.313829
MUHANGA:2:55320:1074.982641
BUHIGA:2:48358:523.472140
MATONGO:2:55320:987.885417
MWAKIRO:2:61803:802.342062
GIHOGAZI:2:48358:732.576672
BUTAGANZWAL:2:55320:1201.657733
MUTAHO:2:63305:1116.757342
CANKUZO:2:31913:149.392231
GIHANGA:2:50689:488.355665
BUKEYE:2:44943:510.597116
RANGO:2:55320:1060.566701
MUTUMBA:2:48358:680.669324
MPANDA:2:50689:1253.148991
RUGAZI:2:50689:959.527535
GISAGARA:2:31913:413.339049
BUGENDANA:2:63305:642.468693
NYABIKERE:2:48358:577.599741
SHOMBO:2:48358:925.642621
MBUYE:2:44943:1130.926260
BWERU:2:40738:267.864002
CENDAJURU:2:31913:278.322808
RUTEGAMA:2:44943:976.020242
MURAMVIYA:2:44943:543.904809
GIHETA:2:63305:1107.905780
MUTIMBUZI:2:66903:773.402315
MUBIMBI:2:66903:2118.711108
BUTEZI:2:40738:426.887051
KIGANDA:2:44943:1238.228446
NDAVA:2:44943:767.713351
NYABIGINA (BUJ):2:66903:886.420799
GISURU:2:40738:218.222823
ISALE-MUGARURO:2:66903:2430.384340
RUYIGI:2:40738:381.283942
NYABIGINA:2:44943:836.940304
GITEGA:2:63305:593.595833
MUGONGOMANGA:2:66903:1057.586723
KANYOSHA:2:66903:1210.989790
RUSAKA:2:44943:814.043565
BUTAGANZWA2:2:40738:281.997370
KABEZI:2:66903:489.714080
KAYOKWE:2:44943:1084.093133
NYABITSINDA:2:40738:457.828107
ITABA:2:63305:905.199959
MUTAMBU:2:66903:1358.838256
KINYINYA:2:40738:461.528350
MAKEBUKO:2:63305:1199.575096
MUKIKE:2:66903:2312.284307
GISHUBI:2:63305:631.301638
GISOZI:2:44943:782.159626
MUGAMBA:2:48991:416.140997
BISORO:2:44943:1543.048342
MUHUTA:2:66903:391.034071
RYANSORO:2:63305:957.053694
BUKIRASAZI:2:63305:1818.870436
MUSONGATI:2:37034:570.877825
GIHARO:2:37034:248.711887
MPINGA-KAYOVE:2:37034:486.983408
MATANA:2:48991:622.883341
BURAZA:2:63305:1094.502690
BURAMBI:2:48991:586.492008
RUMONGE:2:48991:110.392853
RUTOVU:2:48991:405.704757
BUYENGERO:2:48991:638.504297
SONGA:2:48991:460.786951
RUTANA:2:37034:515.621996
BURURI:2:48991:304.023969
BUKEMBA:2:37034:499.995218
GITANGA:2:37034:942.531000
MAKAMBA:2:45026:296.159698
VYANDA:2:48991:658.774931
KAYOGORO:2:45026:386.403619
VUGIZO:2:45026:461.639009
NYANZA LAC:2:45026:96.227968
MABANDA:2:45026:274.151495
KIBAGO:2:45026:387.771539
