MACAU:0:25
MACAU:1:4.980
MACAU-1:2:2.567952
MACAU-3:2:1.701883
MACAU-2:2:1.000000
