MACAU:0:388576:15543.040000
MACAU:1:388576:78027.309237
MACAU-1:2:129525:50439.156703
MACAU-2:2:129525:129525.333333
MACAU-3:2:129525:76107.072774
