:0:2104035:215
MAKEDONIJA:1:2267051:182.927008
MAKEDONIJA:2:2267051:182.927008
