MOLDAVIA:0:4473570:342
MOLDAVIA:1:4473570:345.177277
MOLDAVIA:2:4473570:345.177277
