SOMALIA:0:8591629:13.473747
BAKOOL:1:291688:28.146518
BANAADIR:1:1020066:5123.539635
BARI:1:435965:15.485479
BAY:1:884509:59.836896
GADO:1:461020:36.908469
GALGUDUUD:1:501804:29.082096
HIIRAN:1:430163:31.484180
J. DHEXE:1:289896:24.955301
J. HOOSE:1:534189:28.575563
MUDUG:1:610408:23.153887
NUGAAL:1:219980:26.191974
SANAAG:1:424693:18.232168
SH. DHEXE:1:690447:85.836510
SH. HOOSE:1:1119201:97.401865
TOG-DHEER:1:752869:61.481429
W. GALBEED:1:1284617:123.272069
CALAWLA (ALULA):2:72660:35.529340
QANDALA:2:72660:21.895643
SAYLAC:2:128461:128461.700000
SAYLAC:2:128461:128461.700000
SAYLAC:2:128461:86.074281
ISKUSHUBAN:2:72660:9.763981
SAYLAC:2:128461:114633.055931
BOSAASO:2:72660:22.102008
BADHAN:2:141564:25.464081
CEERIGAABO (ERIGAVO):2:141564:12.701624
LUGHAYA:2:128461:159.404243
BERBERA:2:128461:51.223351
CEEL-AFWEIN:2:141564:21.485397
BAKI:2:128461:152.020285
QARDHO:2:72660:9.656377
BOORAMA:2:128461:186.957281
HARGEYSA:2:128461:41.133871
GABILEY:2:128461:134.162001
SHEEKH:2:150573:159.678481
BURAO:2:150573:33.665268
CAYNABO:2:150573:59.128032
OODWEYNE:2:150573:65.085717
BANDER-BEYLA (BENDERBELA:2:72660:16.019910
TALEEX:2:36663:27.894468
XUDUN:2:36663:27.026594
GAROOWE:2:36663:28.485347
LASCAANOD (LASANOD):2:36663:22.072360
BUUHOODLE:2:150573:76.442226
EYL:2:36663:26.214553
BURTINLE:2:36663:26.546491
JARIIBAN:2:122081:24.117519
GAALKACAYO:2:122081:17.836548
GOLDOGOB:2:122081:145.862868
HOBYO:2:122081:10.727180
CADAADO:2:100360:42.167705
CAABUDWAAQ:2:100360:48.136730
DHUUSAMAREEB:2:100360:22.482024
BELED WEYN:2:143387:24.085076
CEEL BUUR (EL BUR):2:100360:21.482546
XARARDHEERE (HARARDERE):2:122081:54.521839
CEEL BARDE (EL BARDE):2:58337:18.537707
RAB DHUURE:2:58337:43.818818
CEEL DHEER (EL DERE):2:100360:27.465963
XUDUR (HUDUR):2:58337:27.519118
TIYEEGLOW:2:58337:21.872987
BUULO BURDO (BULA-BRIF):2:143387:22.380338
LUUK:2:76836:33.303911
DOLOW:2:76836:155.040786
WAJID:2:58337:53.135956
BAYDHABO:2:221127:49.666472
BELED XAAWO (BULA-HAWA):2:76836:67.663077
AADAN:2:172611:97.687319
GARBAHAARAY:2:76836:34.728707
JALALAQSI:2:143387:110.079000
CADALE:2:172611:69.420831
BUUR XAKABA (BUR HACABA):2:221127:37.552539
WANLA WEYN:2:159885:62.074434
JAWHAR:2:172611:84.129591
CEEL WAAQ (EL WAK):2:76836:33.888521
QANSAX DHEERE:2:221127:187.433088
BAAR-DHEERE:2:76836:18.865915
BALCAD:2:172611:99.283654
AFGOOYE (AFGOI):2:159885:88.376766
DIINSOOR:2:221127:67.798977
QORYOOLEY:2:159885:110.202119
MOGADISHO:2:1020066:5123.539635
SAAKOW:2:96632:19.024272
MARKA:2:159885:371.502066
KUNTUWAARAY:2:159885:140.156622
SABLALE:2:159885:57.192310
BARAAWE:2:159885:124.122298
BU'AALE:2:96632:28.324637
AFMADOW:2:35612:3.345916
JILIB:2:96632:30.916149
JAMAAME:2:35612:43.878349
KISMAAYO:2:35612:10.563339
BADHAADHE:2:35612:9.242644
KISMAAYO:2:35612:35612.600000
KISMAAYO:2:35612:15679.335431
KISMAAYO:2:35612:33025.819650
KISMAAYO:2:35612:35612.600000
KISMAAYO:2:35612:35612.600000
KISMAAYO:2:35612:8984.917239
KISMAAYO:2:35612:35612.600000
KISMAAYO:2:35612:35612.600000
KISMAAYO:2:35612:14997.740606
BADHAADHE:2:35612:35612.600000
BADHAADHE:2:35612:23375.194697
