# AUT_centers.properties 
# all regions centers (id, lat, long) 

# level 0 
AUT = 47.61392325, 13.960799875

# level 1 
AT-2 = 46.761944, 13.818889
AT-3 = 48.300416, 15.71151
AT-4 = 48.153299, 14.012555
AT-5 = 47.3622, 13.276173
AT-6 = 47.19577, 15.465642
AT-7 = 47.198706, 10.703579
AT-8 = 47.260434, 9.879519
AT-9 = 48.18236, 16.381616
AT-10 = 47.258201, 16.255805

# level 2 
