# EGY_centers.properties 
# all regions centers (id, lat, long) 

# level 0 
EGY = 26.273834, 29.268853

# level 1 
EG-FRG = 24.875475, 28.050098
EG-LOE = 30.838368, 31.270598
EG-UPE = 28.225473, 29.731248
EG-URG = 29.855579, 31.603483

# level 2 
EG-FRG-G210001 = 23.769581, 34.309312
EG-FRG-G210002 = 24.875544, 28.048961
EG-FRG-G210003 = 28.961844, 33.919097
EG-FRG-G210004 = 29.75199, 26.608221
EG-FRG-G210005 = 30.474811, 33.858611
EG-LOE-G240001 = 30.416434, 30.379442
EG-LOE-G240002 = 31.027256, 31.493424
EG-LOE-G240003 = 30.828069, 31.07822
EG-LOE-G240004 = 30.507662, 30.994933
EG-LOE-G240005 = 30.257957, 31.235083
EG-LOE-G240006 = 30.521292, 32.372101
EG-LOE-G240007 = 30.795934, 31.894814
EG-LOE-G240008 = 31.36766, 31.719869
EG-LOE-G240009 = 31.196626, 30.885953
EG-UPE-G290001 = 29.373023, 30.722266
EG-UPE-G290002 = 27.914344, 28.041936
EG-UPE-G290003 = 27.639847, 29.933806
EG-UPE-G290004 = 23.582067, 32.93373
EG-UPE-G290005 = 27.005164, 31.38973
EG-UPE-G290006 = 29.210397, 31.081342
EG-UPE-G290007 = 26.10835, 32.131082
EG-UPE-G290008 = 26.526062, 31.787948
EG-URG-G300001 = 30.737459, 29.655837
EG-URG-G300002 = 29.855635, 31.603468
EG-URG-G300003 = 29.273665, 32.243214
EG-URG-G300004 = 31.04022, 32.444273
