# AZE_centers.properties 
# all regions centers (id, lat, long) 

# level 0 
AZE = 40.49347, 48.44476

# level 1 
AZ-ATE = 40.49347, 48.44476
AZ-NAK = 39.260193, 45.582371
AZ-NKA = 40.059716, 46.435043

# level 2 
AZ-ATE-G100001 = 40.286612, 49.975113
AZ-ATE-G100002 = 40.03804, 49.58172
AZ-ATE-G100003 = 39.99099, 49.634419
AZ-ATE-G100004 = 39.937362, 49.47365
AZ-ATE-G100005 = 39.827839, 49.427068
AZ-ATE-G100006 = 39.807647, 49.442469
AZ-ATE-G100007 = 39.190632, 49.028853
AZ-ATE-G100008 = 40.49347, 48.44476
AZ-ATE-G100009 = 40.059716, 46.435043
AZ-ATE-G100010 = 40.466227, 50.329158
AZ-ATE-G100011 = 40.401035, 50.460058
AZ-ATE-G100012 = 40.329231, 50.592046
AZ-ATE-G100013 = 40.311774, 50.007463
AZ-ATE-G100014 = 40.30475, 50.047344
AZ-ATE-G100015 = 40.29624, 49.913223
AZ-NAK-G430001 = 39.260193, 45.582371
AZ-NKA-G420001 = 40.059716, 46.435043
