# COM_centers.properties 
# all regions centers (id, lat, long) 

# level 0 
COM = -11.736136, 43.327678

# level 1 
KM-G = -11.736136, 43.327678
KM-ILM = -12.784644, 45.156005
KM-M = -12.307467, 43.701119
KM-NZ = -12.217097, 44.449395

# level 2 
KM-G-G020001 = -11.736136, 43.327678
KM-ILM-G030001 = -12.784644, 45.156005
KM-M-G040001 = -12.307467, 43.701119
KM-NZ-G050001 = -12.217097, 44.449395
