# AFG_centers.properties 
# all regions centers (id, lat, long) 

# level 0 
AFG = 34.333844, 66.667988

# level 1 
AF-BAL = 36.669495, 66.950768
AF-BAM = 34.855051, 67.164002
AF-BDG = 35.134263, 63.544134
AF-BDS = 37.002584, 70.721027
AF-BGL = 35.835612, 68.862391
AF-FRA = 32.763032, 62.824353
AF-FYB = 35.852395, 64.934103
AF-GHA = 33.105458, 68.091636
AF-GHO = 34.300989, 64.952839
AF-HEL = 30.331178, 63.898857
AF-HER = 34.262434, 61.71845
AF-JOW = 36.493769, 65.988614
AF-KAB = 34.604535, 69.127585
AF-KAN = 31.149577, 65.602219
AF-KAP = 35.186541, 69.600603
AF-KDZ = 36.847831, 68.660987
AF-KNR = 35.114996, 71.012966
AF-LAG = 35.015562, 70.228686
AF-LOW = 34.068816, 69.082596
AF-NAN = 34.287411, 70.570804
AF-NIM = 30.218734, 62.219652
AF-ORU = 33.431576, 66.143691
AF-PAR = 34.87831, 68.697946
AF-PIA = 33.525879, 69.612807
AF-SAM = 36.047493, 67.799512
AF-TAK = 36.54088, 69.676352
AF-WAR = 34.350827, 68.529539
AF-ZAB = 32.2787, 66.964549

# level 2 
AF-BAL-G040001 = 36.669495, 66.950768
AF-BAM-G050001 = 34.855051, 67.164002
AF-BDG-G020001 = 35.134263, 63.544134
AF-BDS-G010001 = 37.002584, 70.721027
AF-BGL-G030001 = 35.835612, 68.862391
AF-FRA-G070001 = 32.763032, 62.824353
AF-FYB-G080001 = 35.852395, 64.934103
AF-GHA-G090001 = 33.105458, 68.091636
AF-GHO-G100001 = 34.300989, 64.952839
AF-HEL-G110001 = 30.331178, 63.898857
AF-HER-G120001 = 34.262434, 61.71845
AF-JOW-G130001 = 36.493769, 65.988614
AF-KAB-G140001 = 34.604535, 69.127585
AF-KAN-G150001 = 31.149577, 65.602219
AF-KAP-G160001 = 35.186541, 69.600603
AF-KDZ-G190001 = 36.847831, 68.660987
AF-KNR-G180001 = 35.114996, 71.012966
AF-LAG-G200001 = 35.015562, 70.228686
AF-LOW-G210001 = 34.068816, 69.082596
AF-NAN-G220001 = 34.287411, 70.570804
AF-NIM-G230001 = 30.218734, 62.219652
AF-ORU-G250001 = 33.431576, 66.143691
AF-PAR-G290001 = 34.87831, 68.697946
AF-PIA-G260001 = 33.525879, 69.612807
AF-SAM-G300001 = 36.047493, 67.799512
AF-TAK-G320001 = 36.54088, 69.676352
AF-WAR-G330001 = 34.350827, 68.529539
AF-ZAB-G340001 = 32.2787, 66.964549
