# AGO_centers.properties 
# all regions centers (id, lat, long) 

# level 0 
AGO = -13.18264, 17.791137

# level 1 
AO-BGO = -8.16528, 13.855288
AO-BGU = -12.974161, 14.069674
AO-BIE = -12.553568, 17.338496
AO-CAB = -5.066311, 12.276983
AO-CCU = -15.948076, 18.936861
AO-CNN = -16.58988, 16.139917
AO-CNO = -8.921527, 14.858904
AO-CUS = -10.807021, 15.20995
AO-HUA = -12.794834, 15.671798
AO-HUI = -14.825939, 14.726946
AO-LNO = -9.091904, 18.842257
AO-LSU = -10.11572, 20.901887
AO-LUA = -8.979443, 13.325828
AO-MAL = -8.846181, 16.596892
AO-MOX = -12.986583, 20.427778
AO-NAM = -15.846545, 12.730393
AO-UIG = -6.774472, 15.722174
AO-ZAI = -6.547396, 13.314886

# level 2 
AO-BGO-G010001 = -8.16528, 13.855288
AO-BGU-G020001 = -12.974161, 14.069674
AO-BIE-G030001 = -12.553568, 17.338496
AO-CAB-G040001 = -5.066311, 12.276983
AO-CCU-G050001 = -15.948076, 18.936861
AO-CNN-G080001 = -16.58988, 16.139917
AO-CNO-G060001 = -8.921527, 14.858904
AO-CUS-G070001 = -10.807021, 15.20995
AO-HUA-G090001 = -12.794834, 15.671798
AO-HUI-G100001 = -14.825939, 14.726946
AO-LNO-G120001 = -9.091904, 18.842257
AO-LSU-G130001 = -10.11572, 20.901887
AO-LUA-G110001 = -8.976974, 13.05455
AO-LUA-G110002 = -8.979443, 13.325828
AO-LUA-G110003 = -8.763579, 13.251036
AO-LUA-G110004 = -8.920342, 13.122502
AO-LUA-G110005 = -8.93472, 13.139378
AO-MAL-G140001 = -8.846181, 16.596892
AO-MOX-G150001 = -12.986583, 20.427778
AO-NAM-G160001 = -15.846545, 12.730393
AO-NAM-G160002 = -16.610303, 11.706341
AO-UIG-G170001 = -6.774472, 15.722174
AO-ZAI-G180001 = -6.547396, 13.314886
AO-ZAI-G180002 = -5.97073, 12.897442
AO-ZAI-G180003 = -5.959946, 12.944886
AO-ZAI-G180004 = -5.99107, 12.768637
AO-ZAI-G180005 = -5.990152, 12.913337
AO-ZAI-G180006 = -5.993288, 12.801956
AO-ZAI-G180007 = -5.99393, 12.85482
AO-ZAI-G180008 = -6.004717, 12.785524
AO-ZAI-G180009 = -6.012162, 12.848888
AO-ZAI-G180010 = -6.020383, 12.754964
AO-ZAI-G180011 = -6.022985, 12.802037
AO-ZAI-G180012 = -6.041327, 12.651789
