# ARE_centers.properties 
# all regions centers (id, lat, long) 

# level 0 
ARE = 22.718061, 53.689369

# level 1 
AE-AJ = 25.40233, 55.518915
AE-AZ = 22.718103, 53.68982
AE-DU = 24.892392, 55.344759
AE-FU = 25.493353, 56.242075
AE-NEU = 24.810338, 56.063533
AE-RK = 25.741421, 56.05039
AE-SH = 25.123816, 55.797627
AE-UQ = 25.509859, 55.737934

# level 2 
AE-AJ-G020001 = 25.456709, 55.468575
AE-AJ-G020002 = 25.40233, 55.518915
AE-AJ-G020003 = 25.310146, 55.983655
AE-AZ-G010001 = 24.788625, 52.568653
AE-AZ-G010002 = 24.726018, 54.652551
AE-AZ-G010003 = 24.670812, 54.592648
AE-AZ-G010004 = 24.618482, 54.579304
AE-AZ-G010005 = 24.613852, 54.527204
AE-AZ-G010006 = 24.585751, 51.744009
AE-AZ-G010007 = 24.542536, 54.429266
AE-AZ-G010008 = 24.562316, 54.540027
AE-AZ-G010009 = 24.571154, 54.470039
AE-AZ-G010010 = 24.508148, 52.314889
AE-AZ-G010011 = 24.535733, 54.518999
AE-AZ-G010012 = 24.532616, 54.483813
AE-AZ-G010013 = 24.471351, 54.361539
AE-AZ-G010014 = 24.498182, 54.501048
AE-AZ-G010015 = 24.48032, 51.738777
AE-AZ-G010016 = 24.473618, 53.359213
AE-AZ-G010017 = 24.459271, 54.519981
AE-AZ-G010018 = 24.458453, 54.461869
AE-AZ-G010019 = 24.43707, 54.502772
AE-AZ-G010020 = 24.420494, 54.340473
AE-AZ-G010021 = 25.230857, 54.216807
AE-AZ-G010022 = 24.410763, 53.429395
AE-AZ-G010023 = 24.41128, 51.558397
AE-AZ-G010024 = 24.402497, 51.578027
AE-AZ-G010025 = 24.41338, 54.366092
AE-AZ-G010026 = 24.371315, 54.246754
AE-AZ-G010027 = 24.358163, 54.324096
AE-AZ-G010028 = 24.387955, 51.509487
AE-AZ-G010029 = 24.370179, 54.274248
AE-AZ-G010030 = 24.366157, 53.112697
AE-AZ-G010031 = 24.317526, 54.215401
AE-AZ-G010032 = 25.144768, 52.881648
AE-AZ-G010033 = 24.313037, 52.608547
AE-AZ-G010034 = 24.338208, 53.801232
AE-AZ-G010035 = 24.320297, 53.081045
AE-AZ-G010036 = 24.303859, 53.607726
AE-AZ-G010037 = 24.283782, 53.248433
AE-AZ-G010038 = 24.280947, 51.670975
AE-AZ-G010039 = 24.31256, 53.776213
AE-AZ-G010040 = 24.302111, 53.194349
AE-AZ-G010041 = 24.26973, 53.368496
AE-AZ-G010042 = 24.179685, 53.771915
AE-AZ-G010043 = 22.718103, 53.68982
AE-AZ-G010044 = 24.234142, 54.123785
AE-AZ-G010045 = 24.227665, 52.021036
AE-AZ-G010046 = 24.237103, 54.100461
AE-AZ-G010047 = 24.203555, 54.091471
AE-AZ-G010048 = 24.212245, 53.395263
AE-AZ-G010049 = 24.200201, 54.083777
AE-AZ-G010050 = 24.195126, 53.530773
AE-AZ-G010051 = 24.177671, 54.058353
AE-AZ-G010052 = 24.173138, 51.996541
AE-AZ-G010053 = 24.16075, 53.039104
AE-AZ-G010054 = 24.935375, 52.860543
AE-AZ-G010055 = 24.147515, 53.013624
AE-AZ-G010056 = 24.155604, 54.040126
AE-AZ-G010057 = 24.125357, 53.267301
AE-AZ-G010058 = 24.107027, 52.449416
AE-AZ-G010059 = 24.878347, 53.066394
AE-AZ-G010060 = 24.836054, 54.728465
AE-AZ-G010061 = 24.823822, 54.744776
AE-DU-G040001 = 24.892392, 55.344759
AE-DU-G040002 = 24.77376, 56.12212
AE-FU-G030001 = 25.493353, 56.242075
AE-FU-G030002 = 25.064658, 56.288824
AE-NEU-G050001 = 24.810338, 56.063533
AE-NEU-G050002 = 24.642217, 55.586544
AE-RK-G060001 = 25.741421, 56.05039
AE-RK-G060002 = 25.830148, 55.970506
AE-RK-G060003 = 25.730793, 55.846014
AE-RK-G060004 = 25.706629, 55.780478
AE-RK-G060005 = 25.07484, 56.089405
AE-SH-G070001 = 25.123816, 55.797627
AE-SH-G070002 = 25.32831, 56.309952
AE-UQ-G080001 = 25.877545, 55.027763
AE-UQ-G080002 = 25.509859, 55.737934
AE-UQ-G080003 = 25.623693, 55.644786
AE-UQ-G080004 = 25.586104, 55.621095
AE-UQ-G080005 = 25.579065, 55.605526
AE-UQ-G080006 = 25.564748, 55.575062
AE-UQ-G080007 = 25.55653, 55.605166
AE-UQ-G080008 = 25.541826, 55.582288
