# BEL_centers.properties 
# all regions centers (id, lat, long) 

# level 0 
BEL = 50.73954283333334, 4.56455625

# level 1 
BE-BRX = 50.836122, 4.375717
BE-NVL = 50.705238, 4.747572
BE-VAN = 51.223353, 4.595177
BE-VLI = 50.984393, 5.439254
BE-VOV = 51.012806, 3.687229
BE-VWV = 51.040976, 3.099374
BE-WHT = 50.541019, 3.830656
BE-WLG = 50.534885, 5.968818
BE-WLX = 49.907528, 5.465586
BE-WNA = 50.384087, 4.871354

# level 2 
BE-G1 = 50.867985, 4.318221
BE-G2 = 50.836122, 4.375717
