# BEN_centers.properties 
# all regions centers (id, lat, long) 

# level 0 
BEN = 10.385319, 2.391912

# level 1 
BJ-AK = 10.60395, 1.575883
BJ-AQ = 6.551255, 2.218281
BJ-BO = 10.766138, 2.991637
BJ-MO = 6.816108, 1.827972
BJ-OU = 7.437779, 2.592057
BJ-ZO = 7.983914, 2.127766

# level 2 
BJ-AK-G020001 = 8.822495, 1.838703
BJ-AK-G020002 = 10.30686, 1.088235
BJ-AK-G020003 = 10.506802, 0.909014
BJ-AK-G020004 = 9.877, 1.490889
BJ-AK-G020005 = 9.622346, 1.924765
BJ-AK-G020006 = 9.734718, 1.636252
BJ-AK-G020007 = 11.047286, 1.97902
BJ-AK-G020008 = 10.264458, 1.697006
BJ-AK-G020009 = 10.786014, 1.042756
BJ-AK-G020010 = 10.271232, 1.410531
BJ-AK-G020011 = 9.564919, 1.438325
BJ-AK-G020012 = 10.263282, 2.040429
BJ-AK-G020013 = 11.045887, 1.404321
BJ-AK-G020014 = 10.567237, 1.51801
BJ-AQ-G030001 = 6.435402, 2.29403
BJ-AQ-G030002 = 6.670391, 2.147875
BJ-AQ-G030003 = 6.35894, 2.389889
BJ-AQ-G030004 = 6.391582, 2.008722
BJ-AQ-G030005 = 6.378586, 2.133846
BJ-AQ-G030006 = 6.425682, 2.423121
BJ-AQ-G030007 = 6.845989, 2.180384
BJ-AQ-G030008 = 6.528734, 2.164574
BJ-AQ-G030009 = 6.753379, 2.353416
BJ-BO-G040001 = 11.370835, 2.383446
BJ-BO-G040002 = 10.345646, 2.745512
BJ-BO-G040003 = 10.80707, 2.530047
BJ-BO-G040004 = 10.383962, 3.39553
BJ-BO-G040005 = 11.185512, 3.053136
BJ-BO-G040006 = 11.9192, 2.743705
BJ-BO-G040007 = 11.642906, 3.321911
BJ-BO-G040008 = 9.744173, 2.499873
BJ-BO-G040009 = 9.957896, 3.244511
BJ-BO-G040010 = 9.362328, 2.582719
BJ-BO-G040011 = 9.611677, 3.009932
BJ-BO-G040012 = 10.880448, 3.498149
BJ-BO-G040013 = 10.408539, 2.365047
BJ-BO-G040014 = 9.078002, 2.343187
BJ-MO-G090001 = 7.183413, 1.721605
BJ-MO-G090002 = 6.638997, 1.722336
BJ-MO-G090003 = 6.668743, 1.927365
BJ-MO-G090004 = 6.400885, 1.906202
BJ-MO-G090005 = 6.861703, 1.712841
BJ-MO-G090006 = 6.767439, 1.75057
BJ-MO-G090007 = 6.313418, 1.838952
BJ-MO-G090008 = 6.521479, 1.854627
BJ-MO-G090009 = 7.021076, 1.8229
BJ-MO-G090010 = 6.863191, 1.967085
BJ-MO-G090011 = 6.879433, 1.821651
BJ-OU-G100001 = 6.479762, 2.686977
BJ-OU-G100002 = 6.712279, 2.504411
BJ-OU-G100003 = 6.45427, 2.534085
BJ-OU-G100004 = 6.514947, 2.590749
BJ-OU-G100005 = 6.561305, 2.650386
BJ-OU-G100006 = 6.933712, 2.44709
BJ-OU-G100007 = 6.554712, 2.493088
BJ-OU-G100008 = 6.673647, 2.710856
BJ-OU-G100009 = 6.926875, 2.580565
BJ-OU-G100010 = 7.437757, 2.592049
BJ-OU-G100011 = 7.07533, 2.67701
BJ-OU-G100012 = 6.466898, 2.618954
BJ-OU-G100013 = 6.774865, 2.655063
BJ-OU-G100014 = 6.391193, 2.630419
BJ-ZO-G120001 = 7.176998, 1.993635
BJ-ZO-G120002 = 7.062159, 1.970722
BJ-ZO-G120003 = 8.334885, 1.866162
BJ-ZO-G120004 = 7.157416, 2.089531
BJ-ZO-G120005 = 7.449353, 2.247458
BJ-ZO-G120006 = 7.684883, 2.297148
BJ-ZO-G120007 = 7.403161, 1.916152
BJ-ZO-G120008 = 8.164577, 2.225565
BJ-ZO-G120009 = 8.547732, 2.522478
BJ-ZO-G120010 = 7.112235, 2.4773
BJ-ZO-G120011 = 7.852382, 1.853347
BJ-ZO-G120012 = 7.97765, 2.533336
BJ-ZO-G120013 = 7.262092, 2.170221
BJ-ZO-G120014 = 7.285692, 2.391569
BJ-ZO-G120015 = 7.025233, 2.143442
