# BGD_centers.properties 
# all regions centers (id, lat, long) 

# level 0 
BGD = 24.685182, 89.456773

# level 1 
BD-0 = 24.703865, 91.697965
BD-06 = 22.797215, 90.16212
BD-27 = 22.642974, 89.422619
BD-3 = 24.500081, 90.433814
BD-54 = 24.660281, 89.150459

# level 2 
BD-0-G080001 = 21.816556, 92.508892
BD-0-G080002 = 23.945038, 91.153868
BD-0-G080003 = 23.424942, 90.659472
BD-0-G080004 = 22.756436, 91.735615
BD-0-G080005 = 23.15325, 91.091406
BD-0-G080006 = 21.829925, 92.042513
BD-0-G080007 = 22.991605, 91.423608
BD-0-G080008 = 24.462286, 91.444122
BD-0-G080009 = 23.482626, 92.064726
BD-0-G080010 = 22.737743, 90.901644
BD-0-G080011 = 24.473975, 92.0448
BD-0-G080012 = 22.974627, 91.092269
BD-0-G080013 = 23.301005, 92.256577
BD-0-G080014 = 25.005961, 91.070177
BD-0-G080015 = 25.071271, 92.006649
BD-06-G030001 = 22.191542, 90.170114
BD-06-G030002 = 22.605144, 90.454065
BD-06-G030003 = 22.344974, 90.738631
BD-06-G030004 = 22.633288, 90.330446
BD-06-G030005 = 22.052242, 90.185639
BD-06-G030006 = 22.286482, 89.965789
BD-27-G250001 = 22.031207, 89.657056
BD-27-G250002 = 23.73719, 88.882689
BD-27-G250003 = 23.17137, 89.225218
BD-27-G250004 = 23.50957, 89.226675
BD-27-G250005 = 22.087519, 89.408847
BD-27-G250006 = 24.039003, 88.834554
BD-27-G250007 = 23.461964, 89.41071
BD-27-G250008 = 23.698737, 88.659783
BD-27-G250009 = 23.166246, 89.509117
BD-27-G250010 = 21.924411, 89.216742
BD-3-G120001 = 23.925129, 90.168287
BD-3-G120002 = 23.407461, 89.873135
BD-3-G120003 = 24.228687, 90.488418
BD-3-G120004 = 23.056514, 89.922404
BD-3-G120005 = 24.827812, 89.988849
BD-3-G120006 = 24.538047, 91.170002
BD-3-G120007 = 23.167913, 90.063943
BD-3-G120008 = 23.923334, 89.817675
BD-3-G120009 = 23.548035, 90.30371
BD-3-G120010 = 24.880316, 90.477182
BD-3-G120011 = 23.841233, 90.550826
BD-3-G120012 = 23.951732, 90.892119
BD-3-G120013 = 25.088714, 90.896455
BD-3-G120014 = 23.760044, 89.405125
BD-3-G120015 = 23.20914, 90.361504
BD-3-G120016 = 24.969659, 90.052418
BD-3-G120017 = 24.654256, 90.052669
BD-54-G490001 = 24.777022, 89.383817
BD-54-G490002 = 25.902616, 88.642865
BD-54-G490003 = 25.13806, 89.433473
BD-54-G490004 = 25.179703, 89.138531
BD-54-G490005 = 25.646022, 89.612133
BD-54-G490006 = 26.082803, 89.148875
BD-54-G490007 = 24.907477, 88.761091
BD-54-G490008 = 24.491758, 89.169664
BD-54-G490009 = 24.721637, 88.171261
BD-54-G490010 = 26.133256, 88.979013
BD-54-G490011 = 24.031606, 89.520347
BD-54-G490012 = 26.22646, 88.623789
BD-54-G490013 = 24.497718, 88.43727
BD-54-G490014 = 25.573895, 89.284638
BD-54-G490015 = 24.3059, 89.537187
BD-54-G490016 = 26.075756, 88.475682
