# BGR_centers.properties 
# all regions centers (id, lat, long) 

# level 0 
BGR = 42.869048428571425, 25.10623057142857

# level 1 
BG-01 = 41.732985, 23.34108
BG-02 = 42.657845, 27.181741
BG-03 = 43.148852, 27.50079
BG-04 = 43.124954, 25.804813
BG-05 = 43.813472, 22.6199
BG-06 = 43.519575, 23.873925
BG-07 = 43.517963, 23.872719
BG-08 = 43.726283, 27.771563
BG-09 = 41.513295, 25.398621
BG-10 = 42.264855, 22.647214
BG-11 = 43.002547, 24.374804
BG-12 = 43.529086, 23.199503
BG-13 = 42.069455, 24.160727
BG-14 = 42.579758, 22.890732
BG-15 = 43.509366, 24.528847
BG-16 = 42.349978, 24.787144
BG-17 = 43.653012, 26.55896
BG-18 = 43.549766, 25.826648
BG-19 = 43.934965, 27.079713
BG-20 = 42.74296, 26.285615
BG-21 = 41.660414, 24.758689
BG-22 = 42.805238, 23.858549
BG-23 = 42.677377, 23.345976
BG-24 = 42.456804, 25.486202
BG-25 = 43.243981, 26.306755
BG-26 = 41.871059, 25.880414
BG-27 = 43.393396, 27.007612
BG-28 = 42.284115, 26.6252

# level 2 
