# BTN_centers.properties 
# all regions centers (id, lat, long) 

# level 0 
BTN = 27.506817, 89.967591

# level 1 
BT-2 = 27.000654, 89.518784
BT-23 = 27.721421, 89.899769
BT-24 = 27.387285, 90.078643
BT-3 = 27.339725, 89.174873
BT-32 = 27.343911, 90.479906
BT-33 = 27.628871, 90.674294
BT-34 = 27.454297, 89.430818
BT-36 = 26.985888, 90.34223
BT-37 = 27.074937, 90.801704
BT-38 = 27.23079, 91.678761
BT-4 = 27.018691, 89.106122
BT-42 = 27.125315, 91.15262
BT-43 = 26.950459, 91.290195
BT-44 = 27.747089, 91.048541
BT-45 = 26.908528, 91.678686
BT-5 = 27.559369, 89.684356
BT-CNG = 27.066923, 90.180033
BT-DA = 27.145632, 89.804182
BT-GA = 28.031373, 89.914229

# level 2 
BT-2-G030001 = 27.000654, 89.518784
BT-23-G130001 = 27.721421, 89.899769
BT-24-G220001 = 27.387285, 90.078643
BT-3-G080001 = 27.339725, 89.174873
BT-32-G190001 = 27.343911, 90.479906
BT-33-G010001 = 27.628871, 90.674294
BT-34-G110001 = 27.454297, 89.430818
BT-36-G070001 = 26.985888, 90.34223
BT-37-G160001 = 27.074937, 90.801704
BT-38-G170001 = 27.23079, 91.678761
BT-4-G140001 = 27.018691, 89.106122
BT-42-G100001 = 27.125315, 91.15262
BT-43-G120001 = 26.950459, 91.290195
BT-44-G090001 = 27.747089, 91.048541
BT-45-G150001 = 26.908528, 91.678686
BT-5-G180001 = 27.559369, 89.684356
BT-CNG-G020001 = 27.066923, 90.180033
BT-DA-G040001 = 27.145632, 89.804182
BT-GA-G060001 = 28.031373, 89.914229
