# CAF_centers.properties 
# all regions centers (id, lat, long) 

# level 0 
CAF = 6.932134, 21.575665

# level 1 
CF-AC = 7.025181, 17.771045
CF-BB = 8.242379, 20.276535
CF-BGF = 4.389503, 18.589716
CF-BK = 4.861317, 21.332529
CF-HK = 7.48809, 23.060652
CF-HM = 5.963125, 25.824273
CF-HS = 4.463551, 15.61944
CF-KB = 7.046958, 19.364787
CF-KG = 5.88386, 19.185991
CF-LB = 4.090039, 17.65344
CF-MB = 5.779056, 24.049014
CF-MP = 5.127765, 17.978106
CF-NM = 5.648655, 15.248472
CF-OP = 6.906667, 16.093645
CF-SE = 3.522376, 16.042456
CF-UK = 6.305764, 20.604938
CF-VK = 9.785886, 22.631356

# level 2 
CF-AC-G140001 = 7.560856, 18.151492
CF-AC-G140002 = 6.661891, 17.377773
CF-AC-G140003 = 6.346825, 18.243658
CF-AC-G140004 = 8.031019, 18.827106
CF-AC-G140005 = 7.327117, 17.139048
CF-BB-G010001 = 7.753919, 20.228003
CF-BB-G010002 = 8.837967, 21.229262
CF-BGF-G020001 = 4.389503, 18.589716
CF-BK-G030001 = 5.031587, 21.208778
CF-BK-G030002 = 4.502656, 21.595299
CF-BK-G030003 = 5.272167, 21.680086
CF-BK-G030004 = 4.61721, 20.843456
CF-HK-G050001 = 6.436786, 22.159109
CF-HK-G050002 = 8.04059, 22.583407
CF-HK-G050003 = 7.117979, 23.452333
CF-HM-G040001 = 6.499645, 25.628367
CF-HM-G040002 = 5.585673, 26.493457
CF-HM-G040003 = 5.252675, 25.097918
CF-HS-G080001 = 4.366848, 15.843312
CF-HS-G080002 = 4.80639, 16.43122
CF-HS-G080003 = 4.71599, 14.95933
CF-KB-G100001 = 6.975835, 19.154543
CF-KB-G100002 = 6.990451, 19.853714
CF-KG-G060001 = 6.252094, 19.488466
CF-KG-G060002 = 5.703471, 19.183734
CF-LB-G070001 = 4.579104, 17.253453
CF-LB-G070002 = 3.996412, 17.928066
CF-LB-G070003 = 3.772804, 18.472387
CF-MB-G090001 = 5.559072, 22.60104
CF-MB-G090002 = 5.022305, 23.283704
CF-MB-G090003 = 4.805622, 22.184696
CF-MB-G090004 = 5.825831, 24.268999
CF-MP-G120001 = 4.44266, 18.397929
CF-MP-G120002 = 4.826605, 18.111055
CF-MP-G120003 = 5.246963, 18.62176
CF-MP-G120004 = 5.25019, 17.525403
CF-NM-G110001 = 5.395307, 15.004624
CF-NM-G110002 = 5.443365, 16.04661
CF-NM-G110003 = 6.026707, 15.51555
CF-OP-G150001 = 6.915022, 15.603094
CF-OP-G150002 = 6.155768, 16.53229
CF-OP-G150003 = 6.959686, 16.356286
CF-UK-G130001 = 6.477014, 20.274604
CF-UK-G130002 = 5.690398, 20.688009
CF-UK-G130003 = 5.80279, 19.955901
CF-UK-G130004 = 6.465827, 21.217268
CF-UK-G130005 = 5.054822, 20.501641
CF-UNK-G000001 = 3.805696, 16.751499
CF-UNK-G000002 = 3.563569, 15.887288
CF-VK-G180001 = 10.079002, 22.509254
CF-VK-G180002 = 8.96991, 22.573152
