# CHE_centers.properties 
# all regions centers (id, lat, long) 

# level 0 
CHE = 47.00371365714285, 8.110256085714285

# level 1 
CH-AG = 47.440073, 8.19632
CH-AI = 47.310288, 9.403626
CH-AR = 47.355672, 9.275493
CH-BE = 46.711746, 7.64409
CH-BL = 47.427863, 7.772133
CH-BS = 47.564738, 7.595334
CH-FR = 46.704255, 7.129366
CH-GL = 46.975428, 9.068445
CH-GN = 46.197554, 6.079673
CH-GR = 46.664881, 9.732859
CH-LU = 47.096809, 8.081562
CH-NE = 47.026654, 6.802653
CH-NW = 46.929706, 8.40027
CH-OW = 46.866548, 8.225334
CH-SG = 47.305397, 9.343732
CH-SH = 47.71862, 8.512092
CH-SO = 47.232518, 7.535536
CH-SZ = 47.065178, 8.782287
CH-TG = 47.586797, 9.062782
CH-TI = 46.350729, 8.718312
CH-UR = 46.780669, 8.602412
CH-VD = 46.666852, 6.555874
CH-VS = 46.188787, 7.770832
CH-ZG = 47.154758, 8.569231
CH-ZH = 47.428105, 8.714095

# level 2 
CH-G1 = 47.223558, 8.716718
CH-G10 = 46.460293, 6.589033
CH-G2 = 47.160401, 8.48607
CH-G3 = 47.121586, 9.231802
CH-G4 = 47.084999, 7.177767
CH-G5 = 47.02433, 8.378551
CH-G6 = 46.94513, 6.911775
CH-G7 = 46.926722, 7.072992
CH-G8 = 46.741751, 7.998293
CH-G9 = 46.690583, 7.721619
