# CPV_centers.properties 
# all regions centers (id, lat, long) 

# level 0 
CPV = 15.035348, -23.610804

# level 1 
CV-BR = 14.850153, -24.715796
CV-BV = 16.096428, -22.808744
CV-FO = 14.92645, -24.400214
CV-MA = 15.194355, -23.172166
CV-SL = 16.782531, -22.944853
CV-SN = 16.591734, -24.323952
CV-SON = 17.026755, -25.224591
CV-SV = 16.844139, -24.962788
CV-SANTIAGO = 15.035348, -23.610804
