# CZE_centers.properties 
# all regions centers (id, lat, long) 

# level 0 
CZE = 49.42067024999999, 16.309652500000002

# level 1 
CZ-BR = 48.171716, 17.136344
CZ-JC = 49.071663, 14.283762
CZ-JM = 49.188517, 16.2102
CZ-PR = 50.058739, 14.422358
CZ-SE = 50.584643, 14.150729
CZ-SR = 50.058684, 14.795528
CZ-ST = 48.793181, 19.254898
CZ-SV = 49.886985, 17.336739
CZ-VY = 50.138075, 15.909426
CZ-YC = 48.989132, 21.296816
CZ-ZA = 48.331066, 17.921929
CZ-ZD = 49.775642, 12.997101

# level 2 
