# DZA_centers.properties 
# all regions centers (id, lat, long) 

# level 0 
DZA = 27.461108, 3.144018

# level 1 
DZ-0 = 25.661006, -1.452892
DZ-02 = 36.220723, 1.292513
DZ-03 = 33.35414, 2.993809
DZ-04 = 35.820298, 6.994669
DZ-05 = 35.462389, 6.290605
DZ-06 = 36.682179, 4.877494
DZ-07 = 34.194474, 4.803599
DZ-08 = 30.530619, -1.832946
DZ-09 = 36.500952, 3.068617
DZ-20 = 34.701603, 0.410997
DZ-22 = 34.570279, -0.454357
DZ-23 = 36.82418, 7.631257
DZ-24 = 36.36439, 7.383418
DZ-25 = 36.32975, 6.704363
DZ-26 = 36.071768, 3.206756
DZ-27 = 35.932825, 0.288995
DZ-28 = 35.303909, 4.307116
DZ-29 = 35.328988, 0.184813
DZ-30 = 30.504617, 5.837382
DZ-32 = 32.524151, 1.077365
DZ-33 = 27.244216, 8.175594
DZ-34 = 36.045147, 4.988749
DZ-35 = 36.705318, 3.700962
DZ-36 = 36.732189, 8.212006
DZ-37 = 27.83077, -5.799178
DZ-38 = 35.752614, 1.654845
DZ-39 = 32.507091, 7.609247
DZ-4 = 36.16475, 8.073944
DZ-40 = 35.189682, 7.035087
DZ-42 = 36.518644, 2.319474
DZ-43 = 36.343454, 6.162633
DZ-44 = 36.138854, 1.978638
DZ-45 = 33.27986, -0.759464
DZ-46 = 35.331722, -1.100492
DZ-47 = 31.168023, 3.013856
DZ-48 = 35.719773, 0.817174
DZ-5 = 36.672938, 4.371353
DZ-52 = 34.85523, 7.852037
DZ-54 = 36.166781, 3.914172
DZ-6 = 36.699147, 3.23829
DZ-62 = 36.716997, 7.091154
DZ-63 = 35.624976, -0.495831
DZ-64 = 34.953511, 1.611505
DZ-65 = 34.711092, -1.322651
DZ-7 = 34.77033, 3.150164
DZ-8 = 36.728247, 6.199359
DZ-9 = 36.121009, 5.613975
DZ-TAM = 22.826225, 4.968377

# level 2 
DZ-0-G010001 = 25.661006, -1.452892
DZ-02-G140001 = 36.220723, 1.292513
DZ-03-G250001 = 33.35414, 2.993809
DZ-04-G340001 = 35.820298, 6.994669
DZ-05-G060001 = 35.462389, 6.290605
DZ-06-G080001 = 36.682179, 4.877494
DZ-07-G090001 = 34.194474, 4.803599
DZ-08-G070001 = 30.530619, -1.832946
DZ-09-G100001 = 36.500952, 3.068617
DZ-20-G360001 = 34.701603, 0.410997
DZ-22-G380001 = 34.570279, -0.454357
DZ-23-G050001 = 36.82418, 7.631257
DZ-24-G210001 = 36.36439, 7.383418
DZ-25-G150001 = 36.32975, 6.704363
DZ-26-G270001 = 36.071768, 3.206756
DZ-27-G290001 = 35.932825, 0.288995
DZ-28-G300001 = 35.303909, 4.307116
DZ-29-G260001 = 35.328988, 0.184813
DZ-30-G330001 = 30.504617, 5.837382
DZ-32-G170001 = 32.524151, 1.077365
DZ-33-G220001 = 27.244216, 8.175594
DZ-34-G110001 = 36.045147, 4.988749
DZ-35-G130001 = 36.705318, 3.700962
DZ-36-G190001 = 36.732189, 8.212006
DZ-37-G440001 = 27.83077, -5.799178
DZ-38-G470001 = 35.752614, 1.654845
DZ-39-G180001 = 32.507091, 7.609247
DZ-4-G400001 = 36.16475, 8.073944
DZ-40-G240001 = 35.189682, 7.035087
DZ-42-G460001 = 36.518644, 2.319474
DZ-43-G280001 = 36.343454, 6.162633
DZ-44-G020001 = 36.138854, 1.978638
DZ-45-G310001 = 33.27986, -0.759464
DZ-46-G030001 = 35.331722, -1.100492
DZ-47-G200001 = 31.168023, 3.013856
DZ-48-G350001 = 35.719773, 0.817174
DZ-5-G480001 = 36.672938, 4.371353
DZ-52-G430001 = 34.85523, 7.852037
DZ-54-G120001 = 36.166781, 3.914172
DZ-6-G040001 = 36.699147, 3.23829
DZ-62-G390001 = 36.716997, 7.091154
DZ-63-G320001 = 35.624976, -0.495831
DZ-64-G450001 = 34.953511, 1.611505
DZ-65-G490001 = 34.711092, -1.322651
DZ-7-G160001 = 34.77033, 3.150164
DZ-8-G230001 = 36.728247, 6.199359
DZ-9-G370001 = 36.121009, 5.613975
DZ-TAM-G420001 = 22.826225, 4.968377
