# ERI_centers.properties 
# all regions centers (id, lat, long) 

# level 0 
ERI = 16.018261, 38.077246

# level 1 
ER-AK = 15.899838, 37.396772
ER-AKG = 14.878847, 39.394414
ER-AS = 13.581695, 41.792029
ER-DK = 15.649054, 39.191925
ER-GAS = 14.869161, 36.948496
ER-HA = 15.331119, 38.832869
ER-KE = 15.777655, 38.580555
ER-SA = 16.570201, 38.64504
ER-SE = 14.786245, 38.687067

# level 2 
ER-AK-G020001 = 15.712955, 37.861303
ER-AK-G020002 = 16.780385, 37.662461
ER-AK-G020003 = 15.815598, 37.106681
ER-AK-G020004 = 15.330066, 38.288684
ER-AKG-G010001 = 15.002753, 39.604548
ER-AKG-G010002 = 15.069275, 39.033939
ER-AKG-G010003 = 14.99627, 39.194683
ER-AKG-G010004 = 14.684447, 39.707767
ER-AS-G040001 = 13.290044, 42.074282
ER-AS-G040002 = 13.846057, 41.412934
ER-AS-G040003 = 14.653442, 40.422459
ER-AS-G040004 = 12.744503, 42.559121
ER-AS-G040005 = 14.368138, 41.001411
ER-DK-G100001 = 15.387925, 39.254966
ER-DK-G100002 = 15.358437, 39.476018
ER-DK-G100003 = 15.575335, 39.357833
ER-DK-G100004 = 16.062127, 39.072495
ER-DK-G100005 = 15.776872, 39.205928
ER-DK-G100006 = 15.314221, 39.541828
ER-GAS-G060001 = 15.089852, 37.533456
ER-GAS-G060002 = 14.594316, 36.770631
ER-GAS-G060003 = 14.625256, 37.621344
ER-GAS-G060004 = 15.218023, 36.807364
ER-HA-G080001 = 15.344335, 38.98875
ER-HA-G080002 = 15.201445, 38.899405
ER-HA-G080003 = 15.372035, 38.652549
ER-HA-G080004 = 15.553297, 38.909045
ER-HA-G080005 = 15.162519, 38.71154
ER-KE-G090001 = 15.782935, 38.761461
ER-KE-G090002 = 15.794914, 38.274078
ER-KE-G090003 = 16.241919, 38.07813
ER-KE-G090004 = 15.733994, 38.440342
ER-SA-G120001 = 16.277192, 38.657262
ER-SA-G120002 = 17.214633, 38.518718
ER-SE-G140001 = 14.587003, 38.526723
ER-SE-G140002 = 14.862273, 38.148242
ER-SE-G140003 = 15.01435, 38.859164
ER-SE-G140004 = 14.845437, 38.670369
