# FIN_centers.properties 
# all regions centers (id, lat, long) 

# level 0 
FIN = 62.498574749999996, 25.655129916666667

# level 1 
FI-AL = 60.176802, 19.881212
FI-KE = 62.608959, 25.429883
FI-KU = 63.205873, 27.151177
FI-KY = 60.950306, 27.795906
FI-LL = 67.676012, 26.903471
FI-MK = 61.879887, 27.464354
FI-PO = 62.778257, 30.07106
FI-TA = 61.261707, 24.257394
FI-TU = 61.137554, 22.545983
FI-UL = 64.861716, 28.593454
FI-UU = 60.300936, 24.201185
FI-VA = 63.144888, 23.56648

# level 2 
