# GAB_centers.properties 
# all regions centers (id, lat, long) 

# level 0 
GAB = -0.647876, 11.343988

# level 1 
GA-1 = 0.281568, 10.28679
GA-2 = -1.502015, 13.77258
GA-3 = -0.206811, 10.9112
GA-4 = -1.494973, 10.969619
GA-5 = -3.130435, 11.130317
GA-6 = 0.652682, 13.459522
GA-7 = -1.037747, 12.493639
GA-8 = -1.240166, 9.479175
GA-9 = 1.676013, 11.936296

# level 2 
GA-1-G010001 = 0.146328, 10.24812
GA-1-G010002 = -0.132556, 9.584079
GA-1-G010003 = 0.369759, 9.505008
GA-1-G010004 = 0.710001, 10.083965
GA-2-G020001 = -0.853528, 14.255507
GA-2-G020002 = -1.451954, 14.002608
GA-2-G020003 = -1.290674, 13.742021
GA-2-G020004 = -1.983602, 13.094158
GA-2-G020005 = -1.06969, 13.960248
GA-2-G020006 = -1.52867, 13.15901
GA-2-G020007 = -1.755488, 13.542042
GA-2-G020008 = -2.149643, 13.558994
GA-2-G020009 = -1.218721, 14.285501
GA-2-G020010 = -0.566884, 13.842935
GA-3-G030001 = -0.162444, 10.922527
GA-3-G030002 = -0.716327, 10.193486
GA-4-G040001 = -2.028495, 11.805125
GA-4-G040002 = -2.482289, 11.469127
GA-4-G040003 = -1.855146, 11.109537
GA-4-G040004 = -2.185137, 12.276217
GA-4-G040005 = -2.177385, 11.524671
GA-4-G040006 = -2.083495, 10.739448
GA-4-G040007 = -1.637446, 10.198728
GA-4-G040008 = -1.480201, 11.560054
GA-4-G040009 = -0.960961, 10.784134
GA-5-G050001 = -3.345418, 10.848335
GA-5-G050002 = -2.442889, 10.805628
GA-5-G050003 = -3.055396, 11.823375
GA-5-G050004 = -3.792638, 11.10072
GA-5-G050005 = -2.93696, 10.987384
GA-6-G060001 = 0.767999, 12.891843
GA-6-G060002 = -0.292118, 11.765723
GA-6-G060003 = 0.303923, 12.150214
GA-6-G060004 = 0.946641, 13.988289
GA-7-G070001 = -1.553755, 12.263967
GA-7-G070002 = -1.422925, 12.641484
GA-7-G070003 = -0.664658, 12.99158
GA-7-G070004 = -0.873551, 11.844062
GA-8-G080001 = -0.895126, 9.339407
GA-8-G080002 = -1.650396, 9.556627
GA-8-G080003 = -2.378931, 10.078469
GA-9-G090001 = 0.84821, 10.565465
GA-9-G090002 = 1.855371, 12.788501
GA-9-G090003 = 2.070377, 11.58072
GA-9-G090004 = 0.622571, 11.291971
GA-9-G090005 = 1.33885, 11.657917
