# GIN_centers.properties 
# all regions centers (id, lat, long) 

# level 0 
GIN = 10.693139, -10.013974

# level 1 
GN-KA = 10.876219, -9.926055
GN-KD = 10.682261, -13.695425
GN-LA = 11.548843, -12.134183
GN-NZ = 8.328953, -8.861438

# level 2 
GN-KA-G140001 = 10.769511, -11.283331
GN-KA-G140002 = 11.560037, -10.790322
GN-KA-G140003 = 10.165937, -10.769437
GN-KA-G140004 = 10.118431, -9.222197
GN-KA-G140005 = 9.374529, -8.901901
GN-KA-G140006 = 10.894443, -10.135296
GN-KA-G140007 = 10.655599, -8.604102
GN-KA-G140008 = 11.588019, -9.3883
GN-KD-G160001 = 10.391051, -14.14968
GN-KD-G160002 = 11.144336, -14.289485
GN-KD-G160003 = 9.751427, -13.398262
GN-KD-G160004 = 10.068218, -13.556287
GN-KD-G160005 = 9.372893, -13.122151
GN-KD-G160006 = 10.525473, -13.471855
GN-KD-G160007 = 10.105301, -12.790717
GN-KD-G160008 = 10.997189, -13.496196
GN-LA-G210001 = 10.840344, -12.246205
GN-LA-G210002 = 11.680644, -13.162712
GN-LA-G210003 = 11.527691, -11.978351
GN-LA-G210004 = 12.268435, -13.129271
GN-LA-G210005 = 11.427651, -12.343166
GN-LA-G210006 = 11.302447, -12.83155
GN-LA-G210007 = 12.043763, -12.020173
GN-LA-G210008 = 10.430398, -11.925656
GN-LA-G210009 = 11.013208, -12.596447
GN-LA-G210010 = 11.261452, -11.724244
GN-NZ-G280001 = 8.874222, -8.368534
GN-NZ-G280002 = 8.687735, -10.271739
GN-NZ-G280003 = 9.280137, -10.035834
GN-NZ-G280004 = 7.907965, -8.334265
GN-NZ-G280005 = 8.573525, -9.240659
GN-NZ-G280006 = 8.096879, -8.751493
GN-NZ-G280007 = 7.597239, -9.128529
