# GMB_centers.properties 
# all regions centers (id, lat, long) 

# level 0 
GMB = 13.641783, -14.945436

# level 1 
GM-B = 13.444279, -16.646595
GM-L = 13.348463, -15.905436
GM-M = 13.641859, -14.945501
GM-N = 13.463792, -16.373487
GM-U = 13.417581, -14.078034
GM-W = 13.300616, -16.693917

# level 2 
GM-B-G010001 = 13.451872, -16.594818
GM-B-G010002 = 13.444279, -16.646594
GM-L-G020001 = 13.415753, -15.434817
GM-L-G020002 = 13.452365, -15.260925
GM-L-G020003 = 13.438268, -15.53934
GM-L-G020004 = 13.391795, -15.762133
GM-L-G020005 = 13.398486, -15.647406
GM-L-G020006 = 13.348574, -15.906028
GM-M-G030001 = 13.402921, -14.585615
GM-M-G030002 = 13.691434, -15.392811
GM-M-G030003 = 13.533999, -14.768152
GM-M-G030004 = 13.637714, -15.317834
GM-M-G030005 = 13.62963, -15.055317
GM-M-G030006 = 13.587092, -15.248141
GM-M-G030007 = 13.647979, -14.842439
GM-M-G030008 = 13.733095, -15.042817
GM-M-G030009 = 13.570815, -14.671586
GM-M-G030010 = 13.704437, -15.24127
GM-N-G040001 = 13.523676, -15.930769
GM-N-G040002 = 13.574322, -16.200488
GM-N-G040003 = 13.481843, -16.053013
GM-N-G040004 = 13.513586, -16.457703
GM-N-G040005 = 13.569408, -15.683816
GM-N-G040006 = 13.39221, -16.380856
GM-U-G050001 = 13.324027, -14.141286
GM-U-G050002 = 13.36104, -13.912189
GM-U-G050003 = 13.398585, -14.335732
GM-U-G050004 = 13.477492, -14.136294
GM-W-G060001 = 13.199651, -16.189444
GM-W-G060002 = 13.201194, -15.942376
GM-W-G060003 = 13.189292, -16.330782
GM-W-G060004 = 13.205131, -15.85058
GM-W-G060005 = 13.206515, -16.064905
GM-W-G060006 = 13.254938, -16.638825
GM-W-G060007 = 13.225215, -16.523143
GM-W-G060008 = 13.386773, -16.715838
GM-W-G060009 = 13.300668, -16.76166
