# GNB_centers.properties 
# all regions centers (id, lat, long) 

# level 0 
GNB = 12.145224, -14.523546

# level 1 
GW-BA = 11.946622, -14.727438
GW-BL = 11.107312, -16.135687
GW-BM = 11.89021, -15.746984
GW-BS = 11.893148, -15.59817
GW-CA = 12.192619, -15.953575
GW-GA = 11.965233, -14.180922
GW-OI = 12.215515, -15.323407
GW-QU = 11.745047, -15.005776
GW-TO = 11.325777, -15.207222

# level 2 
GW-BA-G010001 = 12.225372, -14.577836
GW-BA-G010002 = 11.990761, -14.864804
GW-BA-G010003 = 12.563468, -14.635677
GW-BA-G010004 = 12.006563, -14.61387
GW-BA-G010005 = 12.326839, -14.821299
GW-BA-G010006 = 11.775463, -14.707858
GW-BL-G040001 = 11.590659, -15.519075
GW-BL-G040002 = 11.107312, -16.135687
GW-BL-G040003 = 11.473174, -15.955425
GW-BM-G020001 = 11.813331, -15.762843
GW-BM-G020002 = 11.932097, -15.819624
GW-BM-G020003 = 11.930469, -15.669372
GW-BS-G030001 = 11.893148, -15.59817
GW-CA-G050001 = 12.342884, -15.81781
GW-CA-G050002 = 12.103542, -15.770364
GW-CA-G050003 = 12.22997, -16.053893
GW-CA-G050004 = 11.964132, -16.16743
GW-CA-G050005 = 12.013806, -16.018063
GW-CA-G050006 = 12.270587, -16.436346
GW-GA-G060001 = 11.910237, -13.897781
GW-GA-G060002 = 12.110218, -14.245314
GW-GA-G060003 = 12.453228, -13.818528
GW-GA-G060004 = 12.577528, -14.140265
GW-GA-G060005 = 12.420485, -14.387682
GW-OI-G070001 = 12.290987, -15.539404
GW-OI-G070002 = 12.556075, -15.096916
GW-OI-G070003 = 12.323557, -15.220286
GW-OI-G070004 = 12.051007, -15.235778
GW-OI-G070005 = 12.053594, -15.554637
GW-QU-G080001 = 11.681049, -14.950545
GW-QU-G080002 = 11.459797, -15.334303
GW-QU-G080003 = 11.798134, -15.105935
GW-QU-G080004 = 11.767786, -15.383282
GW-TO-G090001 = 11.32063, -15.022699
GW-TO-G090002 = 11.138203, -14.935085
GW-TO-G090003 = 11.322317, -15.261316
GW-TO-G090004 = 11.503755, -14.810517
