# GNQ_centers.properties 
# all regions centers (id, lat, long) 

# level 0 
GNQ = 1.586149, 10.725542

# level 1 
GQ-AN = -1.424717, 5.61948
GQ-BN = 3.665671, 8.840157
GQ-BS = 3.360442, 8.636598
GQ-CS = 1.322633, 10.488082
GQ-KN = 1.991818, 11.149331
GQ-LI = 1.307484, 9.856642
GQ-WN = 1.345729, 11.09112

# level 2 
GQ-AN-G010001 = -1.424717, 5.61948
GQ-BN-G020001 = 3.665671, 8.840157
GQ-BS-G030001 = 3.360442, 8.636598
GQ-CS-G040001 = 1.322633, 10.488082
GQ-KN-G050001 = 1.991818, 11.149331
GQ-LI-G060001 = 1.307484, 9.856642
GQ-LI-G060002 = 0.983686, 9.503224
GQ-LI-G060003 = 0.901732, 9.317432
GQ-WN-G090001 = 1.345729, 11.09112
