# GRC_centers.properties 
# all regions centers (id, lat, long) 

# level 0 
GRC = 38.642043692307695, 23.21530092307692

# level 1 
GR-60 = 40.365628, 21.460901
GR-61 = 39.569177, 20.726848
GR-63 = 39.66367, 22.25501
GR-65 = 39.080948, 26.3108
GR-67 = 38.18589, 20.566027
GR-70 = 38.707413, 22.300433
GR-71 = 37.873997, 21.541296
GR-74 = 37.348168, 22.353342
GR-75 = 36.193517, 27.943357
GR-76 = 35.159689, 24.945405
GR-80 = 41.217103, 24.315085
GR-86 = 40.889397, 23.291174
GR-A = 38.091971, 23.789234

# level 2 
