# GUY_centers.properties 
# all regions centers (id, lat, long) 

# level 0 
GUY = 2.716543, -58.640348

# level 1 
GY-BAW = 7.710332, -59.608101
GY-CU = 6.182026, -60.116681
GY-DE = 6.584318, -58.074214
GY-EB = 2.444496, -57.531116
GY-ES = 6.646665, -58.375489
GY-MA = 6.220741, -57.871119
GY-PM = 7.212009, -58.800759
GY-PT = 4.983407, -59.331637
GY-UD = 5.513271, -58.163932
GY-UT = 2.872437, -58.982509

# level 2 
GY-BAW-G020001 = 7.932126, -59.734329
GY-BAW-G020002 = 7.393906, -59.413475
GY-CU-G030001 = 6.935034, -59.813499
GY-CU-G030002 = 5.96412, -60.197935
GY-DE-G040001 = 6.479349, -58.227145
GY-DE-G040002 = 6.623481, -58.014016
GY-EB-G050001 = 5.992446, -57.507905
GY-EB-G050002 = 6.203556, -57.362026
GY-EB-G050003 = 6.037891, -57.267503
GY-EB-G050004 = 5.804794, -57.300704
GY-EB-G050005 = 5.542486, -57.513583
GY-EB-G050006 = 5.192814, -57.395727
GY-EB-G050007 = 2.444538, -57.531116
GY-ES-G060001 = 6.950484, -58.394098
GY-ES-G060002 = 6.674528, -58.704327
GY-ES-G060003 = 6.768483, -58.381634
GY-ES-G060004 = 6.593983, -58.327824
GY-MA-G070001 = 6.182371, -57.957579
GY-MA-G070002 = 6.302334, -57.678647
GY-PM-G080001 = 7.391448, -58.874595
GY-PM-G080002 = 7.118073, -58.617927
GY-PT-G090001 = 5.055863, -59.638353
GY-PT-G090002 = 4.547366, -59.083857
GY-UD-G100001 = 5.230699, -58.566637
GY-UD-G100002 = 5.111016, -58.077862
GY-UT-G110001 = 2.68168, -59.477438
GY-UT-G110002 = 3.262306, -58.572697
