# HUN_centers.properties 
# all regions centers (id, lat, long) 

# level 0 
HUN = 47.1701775263158, 19.161746421052626

# level 1 
HU-BA = 46.068141, 18.151707
HU-BE = 46.670702, 20.947098
HU-BK = 46.611938, 19.376719
HU-BZ = 48.212188, 20.816715
HU-CS = 46.463385, 20.259337
HU-FE = 47.109078, 18.554617
HU-GS = 47.684137, 17.326965
HU-HB = 47.408734, 21.526145
HU-HE = 47.845262, 20.201782
HU-JN = 47.15845, 20.43451
HU-KE = 47.595583, 18.086944
HU-NO = 48.030048, 19.653506
HU-PE = 47.48796, 19.199385
HU-SO = 46.450585, 17.527652
HU-SZ = 48.002534, 22.125273
HU-TO = 46.466361, 18.665444
HU-VA = 47.191701, 16.825684
HU-VE = 47.109087, 17.541343
HU-ZA = 46.667499, 16.852356

# level 2 
