# IRQ_centers.properties 
# all regions centers (id, lat, long) 

# level 0 
IRQ = 33.270583, 43.120297

# level 1 
IQ-AN = 34.010502, 41.852208
IQ-AR = 36.21781, 44.156128
IQ-BA = 30.552295, 47.560789
IQ-BB = 32.532783, 44.587002
IQ-BG = 33.246393, 44.351362
IQ-DA = 37.026931, 42.887379
IQ-DI = 34.034336, 44.927858
IQ-DQ = 31.238157, 46.1949
IQ-KA = 32.082533, 42.272711
IQ-MA = 31.907922, 47.024598
IQ-MU = 30.224882, 45.062261
IQ-NA = 31.189224, 43.847735
IQ-NEU = 29.119426, 45.536997
IQ-NI = 35.900884, 42.386803
IQ-QA = 32.051243, 45.207611
IQ-SD = 34.335237, 43.698323
IQ-SU = 35.480486, 45.507838
IQ-TS = 35.543741, 44.446316
IQ-WA = 32.50781, 45.904966

# level 2 
IQ-AN-G010001 = 34.010502, 41.852208
IQ-AR-G060001 = 36.21781, 44.156128
IQ-BA-G020001 = 30.552295, 47.560789
IQ-BB-G080001 = 32.532783, 44.587002
IQ-BG-G090001 = 33.246393, 44.351362
IQ-DA-G110001 = 37.026931, 42.887379
IQ-DI-G120001 = 34.034336, 44.927858
IQ-DQ-G100001 = 31.238157, 46.1949
IQ-KA-G140001 = 32.082533, 42.272711
IQ-MA-G150001 = 31.907922, 47.024598
IQ-MU-G030001 = 30.224882, 45.062261
IQ-NA-G050001 = 31.189224, 43.847735
IQ-NEU-G130001 = 29.119426, 45.536997
IQ-NI-G160001 = 35.900884, 42.386803
IQ-QA-G040001 = 32.051243, 45.207611
IQ-SD-G170001 = 34.335237, 43.698323
IQ-SU-G180001 = 35.480486, 45.507838
IQ-TS-G070001 = 35.543741, 44.446316
IQ-WA-G190001 = 32.50781, 45.904966
