# ISR_centers.properties 
# all regions centers (id, lat, long) 

# level 0 
ISR = 30.525489, 34.544579

# level 1 
IL-00 = 32.087805, 34.994978
IL-01 = 32.918269, 35.747095
IL-02 = 32.543469, 34.902749
IL-03 = 31.729511, 35.07678
IL-04 = 32.8146, 35.405344
IL-05 = 30.526587, 34.545751
IL-06 = 32.092441, 34.855953

# level 2 
IL-00-411 = 32.343459, 34.927003
IL-00-412 = 32.383936, 35.054537
IL-00-421 = 32.190283, 34.983163
IL-00-422 = 32.090412, 34.996795
IL-00-431 = 31.940979, 34.996459
IL-00-441 = 31.873546, 34.870385
IL-00-442 = 31.97715, 34.844649
IL-01-291 = 33.297119, 35.765939
IL-01-292 = 33.168758, 35.707388
IL-01-293 = 32.942818, 35.767985
IL-01-294 = 32.854177, 35.834791
IL-02-311 = 32.793377, 35.148713
IL-02-321 = 32.702203, 35.013862
IL-02-322 = 32.686913, 35.04141
IL-02-323 = 32.541698, 35.22632
IL-02-324 = 32.509428, 34.969357
IL-03-111 = 31.76233, 35.151467
IL-03-112 = 31.737907, 35.027847
IL-04-211 = 33.170881, 35.625076
IL-04-212 = 33.058786, 35.507605
IL-04-213 = 33.006263, 35.630996
IL-04-221 = 32.787158, 35.668232
IL-04-222 = 32.770666, 35.504544
IL-04-231 = 32.487703, 35.541694
IL-04-232 = 32.584684, 35.464858
IL-04-233 = 32.619937, 35.480654
IL-04-234 = 32.660014, 35.303711
IL-04-235 = 32.723055, 35.225437
IL-04-236 = 32.610484, 35.17071
IL-04-237 = 32.798639, 35.346855
IL-04-241 = 32.835731, 35.331734
IL-04-242 = 32.967206, 35.315304
IL-04-243 = 32.986826, 35.319217
IL-04-244 = 33.084047, 35.372618
IL-04-245 = 33.063971, 35.165822
IL-04-246 = 32.946309, 35.203287
IL-05-611 = 31.725572, 34.879711
IL-05-612 = 31.55313, 34.926653
IL-05-613 = 31.815184, 34.719105
IL-05-614 = 31.695706, 34.648489
IL-05-621 = 31.405521, 34.824059
IL-05-622 = 31.191961, 34.532245
IL-05-623 = 31.227416, 35.288239
IL-05-624 = 30.961466, 35.30777
IL-05-625 = 29.781312, 35.098636
IL-05-626 = 30.754491, 34.785194
IL-05-627 = 30.054278, 34.798556
IL-06-511 = 32.166191, 34.869296
IL-06-512 = 32.071422, 34.93712
IL-06-513 = 32.032579, 34.857314
