# ITA_centers.properties 
# all regions centers (id, lat, long) 

# level 0 
ITA = 42.9479658, 12.2965534

# level 1 
IT-AB = 42.233175, 13.827689
IT-AD = 46.443394, 11.33414
IT-AS = 45.756979, 7.599371
IT-BC = 40.409306, 16.175239
IT-CI = 39.231292, 16.504572
IT-CM = 41.038946, 14.856098
IT-ER = 44.534174, 11.843796
IT-FV = 46.23152, 12.951069
IT-LA = 41.98763, 12.639654
IT-LB = 45.707239, 9.743669
IT-LG = 44.310143, 8.306484
IT-MA = 43.25351, 13.294452
IT-ML = 41.664175, 14.740334
IT-PM = 44.88709, 7.685723
IT-PU = 41.5416, 15.532601
IT-SC = 37.51624, 14.55084
IT-SD = 40.402155, 9.047006
IT-TC = 43.370118, 11.2589
IT-UM = 42.979512, 12.455026
IT-VN = 45.461118, 11.584405

# level 2 
