# JOR_centers.properties 
# all regions centers (id, lat, long) 

# level 0 
JOR = 30.758571, 36.367505

# level 1 
JO-AM = 31.630782, 36.583985
JO-AT = 30.804456, 35.619057
JO-AZ = 31.769932, 37.470457
JO-BA = 32.064471, 35.676694
JO-IR = 32.503845, 35.817156
JO-KA = 31.160969, 35.927028
JO-MA = 32.337119, 38.370347
JO-MN = 30.596549, 36.873198

# level 2 
JO-AM-G020001 = 31.630782, 36.583985
JO-AT-G110001 = 30.804456, 35.619057
JO-AZ-G120001 = 31.769932, 37.470457
JO-BA-G100001 = 32.064471, 35.676694
JO-IR-G030001 = 32.503845, 35.817156
JO-KA-G060001 = 31.160969, 35.927028
JO-MA-G080001 = 32.337119, 38.370347
JO-MN-G070001 = 30.596549, 36.873198
