# KAZ_centers.properties 
# all regions centers (id, lat, long) 

# level 0 
KAZ = 48.426144, 69.037186

# level 1 
KZ-AKT = 48.406764, 57.808002
KZ-ALM = 45.584377, 75.077337
KZ-ARS = 44.886139, 59.901189
KZ-CHI = 42.50248, 68.628602
KZ-DZA = 44.553107, 71.6111
KZ-DZE = 47.531886, 71.604301
KZ-EAK = 48.675826, 84.613286
KZ-GUR = 44.159967, 54.314781
KZ-KAR = 50.211606, 73.22772
KZ-KOC = 53.356365, 71.878029
KZ-KUS = 52.170402, 63.620376
KZ-KZO = 45.278764, 63.417201
KZ-NOK = 54.1675, 67.316776
KZ-PAV = 52.218376, 75.860197
KZ-SEM = 48.770311, 79.924399
KZ-TAK = 45.487361, 78.429529
KZ-TSE = 51.479225, 70.295914
KZ-URA = 49.926146, 50.496783

# level 2 
KZ-AKT-G010001 = 48.406764, 57.808002
KZ-ALM-G020001 = 45.584377, 75.077337
KZ-ARS-G050001 = 44.886139, 59.901189
KZ-ARS-G050002 = 46.193804, 61.149784
KZ-ARS-G050003 = 45.790331, 60.84172
KZ-ARS-G050004 = 45.646323, 59.82452
KZ-ARS-G050005 = 45.324916, 59.186655
KZ-ARS-G050006 = 45.31804, 61.249639
KZ-ARS-G050007 = 45.305792, 61.288167
KZ-ARS-G050008 = 45.279586, 59.292761
KZ-ARS-G050009 = 45.162613, 61.223465
KZ-ARS-G050010 = 45.067115, 59.064436
KZ-ARS-G050011 = 45.046839, 61.310738
KZ-ARS-G050012 = 45.077263, 59.296622
KZ-ARS-G050013 = 44.931256, 61.668513
KZ-ARS-G050014 = 44.897801, 59.249616
KZ-ARS-G050015 = 44.901567, 61.552163
KZ-ARS-G050016 = 44.825828, 59.199758
KZ-ARS-G050017 = 44.578672, 60.978006
KZ-ARS-G050018 = 44.4768, 58.89119
KZ-ARS-G050019 = 44.399515, 60.956099
KZ-ARS-G050020 = 44.392801, 60.727893
KZ-ARS-G050021 = 44.315566, 60.885086
KZ-ARS-G050022 = 44.274692, 60.959126
KZ-ARS-G050023 = 44.283299, 60.95184
KZ-ARS-G050024 = 44.251633, 60.924828
KZ-ARS-G050025 = 44.223939, 60.792101
KZ-ARS-G050026 = 44.181552, 60.772306
KZ-ARS-G050027 = 44.182448, 60.493346
KZ-ARS-G050028 = 44.147123, 60.76657
KZ-ARS-G050029 = 44.1214, 60.658738
KZ-ARS-G050030 = 44.10098, 60.638075
KZ-ARS-G050031 = 44.019823, 60.303256
KZ-ARS-G050032 = 43.988207, 58.674582
KZ-ARS-G050033 = 43.953884, 60.256471
KZ-ARS-G050034 = 43.924004, 60.298355
KZ-ARS-G050035 = 43.785676, 60.096089
KZ-ARS-G050036 = 43.618795, 59.926364
KZ-ARS-G050037 = 43.516856, 59.973483
KZ-CHI-G090001 = 42.50248, 68.628602
KZ-DZA-G100001 = 44.553107, 71.6111
KZ-DZE-G110001 = 47.531886, 71.604301
KZ-EAK-G120001 = 48.675826, 84.613286
KZ-GUR-G130001 = 44.159967, 54.314781
KZ-KAR-G140001 = 50.211606, 73.22772
KZ-KOC-G150001 = 53.356365, 71.878029
KZ-KUS-G160001 = 52.170402, 63.620376
KZ-KZO-G170001 = 45.278764, 63.417201
KZ-NOK-G190001 = 54.1675, 67.316776
KZ-PAV-G210001 = 52.218376, 75.860197
KZ-SEM-G230001 = 48.770311, 79.924399
KZ-TAK-G260001 = 45.487361, 78.429529
KZ-TSE-G270001 = 51.479225, 70.295914
KZ-URA-G280001 = 49.926146, 50.496783
