# KEN_centers.properties 
# all regions centers (id, lat, long) 

# level 0 
KEN = 0.441943, 37.866415

# level 1 
KE-0 = -1.30725, 36.824935
KE-200 = -0.66273, 36.920562
KE-300 = -2.474561, 39.53395
KE-400 = 2.661761, 37.858917
KE-500 = 2.364784, 40.011532
KE-600 = -0.545433, 34.416746
KE-700 = 1.38489, 36.083993
KE-900 = 0.553672, 34.571894

# level 2 
KE-0-G040001 = -1.355353, 36.772138
KE-200-G010001 = -1.134399, 37.020248
KE-200-G010002 = -0.661487, 37.377009
KE-200-G010003 = -0.953615, 37.222598
KE-200-G010004 = -0.670986, 36.637674
KE-200-G010005 = -0.297589, 36.75903
KE-300-G020001 = -2.698667, 39.575477
KE-300-G020002 = -3.956959, 39.206472
KE-300-G020003 = -1.802289, 41.106777
KE-300-G020004 = -3.985791, 39.694042
KE-300-G020005 = -3.326824, 38.882742
KE-300-G020006 = -2.517544, 39.379669
KE-400-G030001 = -0.720206, 37.635466
KE-400-G030002 = 1.579119, 38.832142
KE-400-G030003 = -1.942956, 38.518482
KE-400-G030004 = -0.95762, 37.704963
KE-400-G030005 = -2.524587, 38.049512
KE-400-G030006 = 3.753599, 36.842026
KE-400-G030007 = 0.262616, 37.732998
KE-400-G030008 = -0.134786, 38.060806
KE-500-G050001 = -1.103505, 40.315551
KE-500-G050002 = 2.844647, 40.70822
KE-500-G050003 = 1.340164, 40.628358
KE-600-G060001 = -0.367492, 34.079284
KE-600-G060002 = -0.612804, 34.775976
KE-600-G060003 = -0.119196, 35.169131
KE-600-G060004 = -1.030538, 34.455711
KE-600-G060005 = -0.809672, 35.030882
KE-600-G060006 = 0.042011, 34.297459
KE-700-G070001 = 1.146509, 35.905658
KE-700-G070002 = -0.525585, 35.413305
KE-700-G070003 = 0.293894, 35.635062
KE-700-G070004 = -2.121323, 36.776253
KE-700-G070005 = -0.327853, 35.178007
KE-700-G070006 = 0.174765, 36.992569
KE-700-G070007 = -0.800077, 36.384461
KE-700-G070008 = 0.006125, 35.320993
KE-700-G070009 = -1.378926, 35.458871
KE-700-G070010 = 1.752711, 36.822291
KE-700-G070011 = 1.145043, 34.878317
KE-700-G070012 = 4.138406, 34.623747
KE-700-G070013 = 0.81372, 35.413716
KE-700-G070014 = 2.269814, 35.131
KE-900-G080001 = 0.574417, 34.462872
KE-900-G080002 = 0.44554, 34.260515
KE-900-G080003 = 0.71152, 35.110334
KE-900-G080004 = 0.046123, 34.608285
