# KWT_centers.properties 
# all regions centers (id, lat, long) 

# level 0 
KWT = 29.683475, 47.444496

# level 1 
KW-K = 29.683475, 47.444496

# level 2 
KW-K-G060001 = 29.99289, 48.07096
KW-K-G060002 = 29.683475, 47.444496
KW-K-G060003 = 29.735719, 48.250072
KW-K-G060004 = 29.92457, 48.098825
KW-K-G060005 = 29.8932, 48.033869
KW-K-G060006 = 29.845206, 48.058294
KW-K-G060007 = 29.87802, 48.105902
KW-K-G060008 = 29.811773, 48.064363
KW-K-G060009 = 29.445714, 48.306985
KW-K-G060010 = 29.355608, 47.912488
