# LSO_centers.properties 
# all regions centers (id, lat, long) 

# level 0 
LSO = -29.412915, 28.498882

# level 1 
LS-A = -29.584656, 27.860548
LS-B = -28.807328, 28.625571
LS-C = -28.968806, 28.259463
LS-D = -29.207969, 27.90356
LS-E = -29.709558, 27.270442
LS-F = -30.141028, 27.612772
LS-G = -30.418738, 27.967104
LS-H = -30.00333, 28.68161
LS-J = -29.240895, 29.049609
LS-K = -29.571244, 28.414093

# level 2 
LS-A-G050001 = -29.584656, 27.860548
LS-B-G020001 = -28.807328, 28.625571
LS-C-G030001 = -28.968806, 28.259463
LS-D-G010001 = -29.207969, 27.90356
LS-E-G040001 = -29.709558, 27.270442
LS-E-G040002 = -29.751825, 28.151028
LS-F-G060001 = -30.141028, 27.612772
LS-G-G090001 = -30.418738, 27.967104
LS-H-G080001 = -30.00333, 28.68161
LS-J-G070001 = -29.240895, 29.049609
LS-K-G100001 = -29.571244, 28.414093
