# MAR_centers.properties 
# all regions centers (id, lat, long) 

# level 0 
MAR = 31.722825, -6.79186

# level 1 
MA-C = 32.275682, -6.445909
MA-CEN = 33.878784, -4.079636
MA-CES = 31.875386, -4.512052
MA-N = 35.124279, -5.573888
MA-OR = 32.885672, -2.260533
MA-S = 27.503052, -10.174327
MA-TE = 31.599846, -8.443671

# level 2 
MA-C-G140001 = 33.499973, -7.663316
MA-C-G140002 = 33.606249, -7.539737
MA-C-G140003 = 33.565005, -7.596469
MA-C-G140004 = 31.863073, -6.641374
MA-C-G140005 = 33.523871, -7.162935
MA-C-G140006 = 33.492844, -7.48699
MA-C-G140007 = 32.439013, -6.773385
MA-C-G140008 = 33.594999, -7.637479
MA-C-G140009 = 32.790389, -8.427376
MA-C-G140010 = 32.927046, -6.673438
MA-C-G140011 = 32.986412, -7.54404
MA-C-G140012 = 33.640073, -7.429636
MA-CEN-G150001 = 34.995086, -4.152724
MA-CEN-G150002 = 33.130976, -4.131103
MA-CEN-G150003 = 33.817821, -4.729188
MA-CEN-G150004 = 34.448323, -4.682265
MA-CEN-G150005 = 34.209071, -3.854687
MA-CES-G160001 = 31.71475, -4.458366
MA-CES-G160002 = 33.347066, -5.160482
MA-CES-G160003 = 33.026678, -5.735108
MA-CES-G160004 = 33.861277, -5.466468
MA-N-G390001 = 35.073931, -5.025842
MA-N-G390002 = 34.791444, -6.116812
MA-N-G390003 = 33.738984, -6.104936
MA-N-G390004 = 35.17086, -5.782619
MA-N-G390005 = 33.973104, -6.852677
MA-N-G390006 = 33.965324, -6.655655
MA-N-G390007 = 34.579477, -5.581366
MA-N-G390008 = 33.788706, -6.768558
MA-N-G390009 = 35.61604, -5.851216
MA-N-G390010 = 35.576128, -5.462186
MA-OR-G400001 = 32.885817, -2.260836
MA-OR-G400002 = 35.004606, -3.098931
MA-OR-G400003 = 34.261039, -2.384686
MA-S-G490001 = 30.028672, -9.231909
MA-S-G490002 = 25.157464, -14.146423
MA-S-G490003 = 26.857015, -10.898157
MA-S-G490004 = 28.197223, -9.669667
MA-S-G490005 = 26.337257, -13.144707
MA-S-G490006 = 30.917345, -6.077049
MA-S-G490007 = 22.820033, -14.619463
MA-S-G490008 = 28.109895, -11.126918
MA-S-G490009 = 30.402357, -8.530898
MA-S-G490010 = 29.483076, -8.222575
MA-S-G490011 = 29.556039, -9.622682
MA-TE-G560001 = 32.056885, -7.549476
MA-TE-G560002 = 31.265117, -9.545169
MA-TE-G560003 = 31.283369, -8.187151
MA-TE-G560004 = 32.020025, -8.714206
