# MEX_centers.properties 
# all regions centers (id, lat, long) 

# level 0 
MEX = 23.484866, -101.775677

# level 1 
MX-AGU = 22.005566, -102.370769
MX-BCN = 31.825225, -115.813685
MX-BCS = 27.999661, -113.38285
MX-CAM = 18.738503, -89.900581
MX-CHH = 28.889286, -106.519285
MX-CHP = 16.356645, -92.696159
MX-COA = 27.623321, -102.349853
MX-COL = 19.106271, -103.809301
MX-DIF = 19.271145, -99.14661
MX-DUR = 25.001473, -104.871208
MX-GRO = 17.723415, -99.73661
MX-GUA = 20.869933, -101.179015
MX-HID = 20.515357, -99.039415
MX-JAL = 20.046485, -104.568365
MX-MEX = 19.19549, -99.754722
MX-MIC = 19.378084, -101.789113
MX-MOR = 18.782621, -99.023202
MX-NAY = 21.999305, -104.948481
MX-NLE = 26.079852, -100.079021
MX-OAX = 17.005018, -96.821098
MX-PUE = 18.579636, -98.160355
MX-QUE = 20.568692, -100.150691
MX-ROO = 20.156338, -88.585563
MX-SIN = 26.228215, -108.394233
MX-SLP = 22.355787, -100.584207
MX-SON = 29.66486, -110.3622
MX-TAB = 18.033142, -92.611241
MX-TAM = 23.349965, -98.695504
MX-TLA = 19.370588, -98.196925
MX-VER = 17.633437, -94.572681
MX-YUC = 20.40275, -88.73514
MX-ZAC = 23.63568, -102.987616

# level 2 
