# MNG_centers.properties 
# all regions centers (id, lat, long) 

# level 0 
MNG = 46.052128, 104.866569

# level 1 
MN-039 = 47.808397, 110.360492
MN-04 = 50.301938, 99.782079
MN-043 = 46.390519, 92.192397
MN-046 = 49.734648, 92.562864
MN-047 = 47.718277, 106.278268
MN-049 = 49.631261, 105.734178
MN-05 = 46.265455, 113.476198
MN-053 = 43.265213, 104.266671
MN-055 = 46.058467, 102.41355
MN-057 = 48.210937, 96.54614
MN-059 = 45.353498, 106.500543
MN-06 = 48.855021, 114.366989
MN-063 = 44.358194, 109.815497
MN-065 = 45.795327, 95.244827
MN-067 = 49.154094, 103.337118
MN-069 = 45.828904, 99.620818
MN-07 = 48.810629, 89.445562
MN-073 = 48.044318, 101.183483

# level 2 
MN-039-G120001 = 47.808397, 110.360492
MN-04-G140001 = 50.301938, 99.782079
MN-043-G130001 = 46.390519, 92.192397
MN-046-G220001 = 49.734648, 92.562864
MN-047-G200001 = 47.718277, 106.278268
MN-049-G180001 = 49.631261, 105.734178
MN-05-G190001 = 46.265455, 113.476198
MN-053-G150001 = 43.265213, 104.266671
MN-055-G170001 = 46.058467, 102.41355
MN-057-G090001 = 48.210937, 96.54614
MN-059-G080001 = 45.353498, 106.500543
MN-06-G060001 = 48.855021, 114.366989
MN-063-G070001 = 44.358194, 109.815497
MN-065-G110001 = 45.795327, 95.244827
MN-067-G040001 = 49.154094, 103.337118
MN-069-G030001 = 45.828904, 99.620818
MN-07-G020001 = 48.810629, 89.445562
MN-073-G010001 = 48.044318, 101.183483
