# MWI_centers.properties 
# all regions centers (id, lat, long) 

# level 0 
MWI = -13.420038, 33.756421

# level 1 
MW-C = -13.475932, 33.787336
MW-N = -11.522749, 33.978758
MW-S = -15.595025, 35.304833

# level 2 
MW-C-G030001 = -14.246957, 34.225182
MW-C-G030002 = -13.533489, 33.590849
MW-C-G030003 = -12.965491, 33.362191
MW-C-G030004 = -14.098813, 33.673472
MW-C-G030005 = -13.629548, 33.02579
MW-C-G030006 = -13.060107, 34.273582
MW-C-G030007 = -14.819363, 34.76678
MW-C-G030008 = -13.321445, 33.863025
MW-C-G030009 = -13.814974, 34.461179
MW-N-G210001 = -10.349028, 33.697608
MW-N-G210002 = -10.146257, 34.153283
MW-N-G210003 = -11.428994, 33.593079
MW-N-G210004 = -11.802174, 34.207321
MW-N-G210005 = -10.808079, 33.896048
MW-S-G280001 = -15.685313, 34.927953
MW-S-G280002 = -16.089224, 34.681687
MW-S-G280003 = -15.744482, 35.265431
MW-S-G280004 = -14.990087, 35.28437
MW-S-G280005 = -14.353917, 35.125414
MW-S-G280006 = -15.732563, 35.583914
MW-S-G280007 = -15.537216, 34.606717
MW-S-G280008 = -16.651706, 35.050973
MW-S-G280009 = -16.095643, 35.17922
MW-S-G280010 = -15.266733, 35.60506
