# NAM_centers.properties 
# all regions centers (id, lat, long) 

# level 0 
NAM = -20.596984, 17.126642

# level 1 
NA-BET = -26.640329, 17.135664
NA-BO = -19.999562, 20.180401
NA-CA = -17.743579, 23.901757
NA-DA = -20.969722, 14.782562
NA-GO = -22.324904, 18.94472
NA-GR = -19.865896, 17.447604
NA-HEA = -20.4787, 20.401379
NA-HEW = -20.578618, 18.262808
NA-KAK = -18.101759, 13.127511
NA-KAS = -28.084395, 19.016066
NA-KAV = -18.073053, 18.091576
NA-KE = -26.483323, 19.334161
NA-KIB = -22.208935, 15.799419
NA-LU = -26.521158, 15.88855
NA-MLT = -24.912314, 16.37061
NA-MRI = -24.666977, 19.166146
NA-NAL = -25.742137, 17.966901
NA-OKD = -21.768254, 16.918433
NA-OMU = -21.330852, 15.922147
NA-OTI = -20.668304, 16.767323
NA-OUT = -19.478144, 15.56186
NA-OWA = -17.65748, 16.188585
NA-RBH = -23.73261, 16.999368
NA-SWK = -23.871998, 15.122598
NA-TSB = -18.950516, 16.761558
NA-WIH = -22.455014, 17.630054

# level 2 
NA-BET-G010001 = -26.640329, 17.135664
NA-BO-G020001 = -19.999562, 20.180401
NA-CA-G030001 = -17.743579, 23.901757
NA-DA-G040001 = -20.969722, 14.782562
NA-GO-G060001 = -22.324904, 18.94472
NA-GR-G070001 = -19.865896, 17.447604
NA-HEA-G090001 = -20.4787, 20.401379
NA-HEA-G090002 = -23.346331, 19.561781
NA-HEW-G100001 = -20.578618, 18.262808
NA-KAK-G110001 = -18.101759, 13.127511
NA-KAS-G130001 = -28.084395, 19.016066
NA-KAV-G150001 = -18.073053, 18.091576
NA-KE-G160001 = -26.483323, 19.334161
NA-KIB-G140001 = -22.208935, 15.799419
NA-LU-G190001 = -27.123269, 15.239224
NA-LU-G190002 = -26.521158, 15.88855
NA-LU-G190003 = -26.296265, 14.928326
NA-LU-G190004 = -26.355054, 14.950476
NA-LU-G190005 = -26.372873, 14.968603
NA-LU-G190006 = -26.601736, 15.152749
NA-LU-G190007 = -27.009284, 15.195876
NA-MLT-G200001 = -24.912314, 16.37061
NA-MRI-G210001 = -24.666977, 19.166146
NA-NAL-G220001 = -25.742137, 17.966901
NA-OKD-G240001 = -21.768254, 16.918433
NA-OMU-G270001 = -21.330852, 15.922147
NA-OTI-G310001 = -20.668304, 16.767323
NA-OUT-G330001 = -19.478144, 15.56186
NA-OWA-G340001 = -17.65748, 16.188585
NA-RBH-G350001 = -23.73261, 16.999368
NA-SWK-G360001 = -23.871998, 15.122598
NA-TSB-G370001 = -18.950516, 16.761558
NA-WIH-G380001 = -22.455014, 17.630054
