# NER_centers.properties 
# all regions centers (id, lat, long) 

# level 0 
NER = 17.6453, 10.453771

# level 1 
NE-2 = 16.008282, 12.631145
NE-3 = 13.071046, 3.391107
NE-4 = 13.850592, 7.235501
NE-5 = 15.531614, 5.341765
NE-6 = 14.207853, 1.997833
NE-7 = 15.596261, 10.925174
NE-9 = 20.613373, 12.352288

# level 2 
NE-2-G020001 = 13.792331, 12.743635
NE-2-G020002 = 13.770832, 11.649775
NE-2-G020003 = 16.008243, 12.631129
NE-3-G030001 = 13.146033, 2.984439
NE-3-G030002 = 13.035062, 3.292556
NE-3-G030003 = 13.897503, 4.119716
NE-3-G030004 = 12.064845, 3.451402
NE-3-G030005 = 13.639057, 3.580551
NE-4-G040001 = 13.498534, 7.646541
NE-4-G040002 = 14.917142, 6.985885
NE-4-G040003 = 13.621751, 6.778115
NE-4-G040004 = 13.292077, 7.105302
NE-4-G040005 = 14.024985, 7.571433
NE-4-G040006 = 13.990696, 8.275014
NE-5-G060001 = 13.990004, 5.004043
NE-5-G060002 = 14.387913, 6.27177
NE-5-G060003 = 14.042096, 4.887725
NE-5-G060004 = 14.78278, 5.817298
NE-5-G060005 = 13.947406, 6.071954
NE-5-G060006 = 14.861178, 5.186249
NE-5-G060007 = 16.251295, 5.16925
NE-6-G070001 = 14.547068, 3.380207
NE-6-G070002 = 13.536936, 2.38177
NE-6-G070003 = 14.726372, 2.216616
NE-6-G070004 = 13.079239, 1.589402
NE-6-G070005 = 14.102633, 0.864542
NE-6-G070006 = 14.799145, 1.236791
NE-7-G080001 = 15.596144, 10.925416
NE-7-G080002 = 13.127965, 9.444948
NE-7-G080003 = 13.46012, 8.497096
NE-7-G080004 = 13.979874, 9.281966
NE-7-G080005 = 14.937094, 8.645356
NE-9-G010001 = 18.601673, 8.603727
NE-9-G010002 = 20.618606, 12.384768
NE-9-G010003 = 17.959364, 8.321902
