# NLD_centers.properties 
# all regions centers (id, lat, long) 

# level 0 
NLD = 52.17327878947369, 5.1964741578947375

# level 1 
NL-DR = 52.885559, 6.690256
NL-FL = 52.379651, 5.429379
NL-FR = 53.10576, 5.908501
NL-GE = 52.113917, 5.874663
NL-GR = 53.294508, 6.738326
NL-LI = 51.419441, 6.065104
NL-NB = 51.554992, 5.545927
NL-NH = 52.528545, 4.823272
NL-OV = 52.418023, 6.524336
NL-UT = 52.101969, 5.313392
NL-ZE = 51.462806, 3.83632
NL-ZH = 51.962299, 4.530461

# level 2 
NL-G1 = 52.886806, 5.233682
NL-G2 = 53.066445, 5.379579
NL-G3 = 51.920123, 4.23431
NL-G4 = 51.758088, 4.00038
NL-G5 = 51.478083, 4.136608
NL-G6 = 51.493157, 4.207864
NL-G7 = 51.462125, 4.260649
