# NOR_centers.properties 
# all regions centers (id, lat, long) 

# level 0 
NOR = 61.793154722222226, 10.843511888888887

# level 1 
NO-0 = 59.434712, 11.300659
NO-03 = 60.09708, 11.24175
NO-04 = 61.33456, 11.564877
NO-05 = 61.615387, 9.087446
NO-06 = 60.019937, 9.762435
NO-07 = 59.266136, 10.111369
NO-08 = 59.542413, 8.518728
NO-09 = 58.595861, 8.324023
NO-0A = 58.488793, 7.200977
NO-2 = 60.116551, 6.925255
NO-20 = 69.61034, 24.220782
NO-21 = 58.585454, 6.220742
NO-4 = 61.612177, 7.024659
NO-5 = 62.502908, 7.991131
NO-6 = 63.051169, 10.490228
NO-7 = 64.23348, 12.027947
NO-8 = 65.426992, 13.638997
NO-9 = 68.742835, 19.531209

# level 2 
