# NPL_centers.properties 
# all regions centers (id, lat, long) 

# level 0 
NPL = 29.006554, 82.041559

# level 1 
NP-C = 27.535337, 85.397078
NP-E = 27.177639, 87.338235
NP-FAW = 29.506499, 80.976324
NP-MID = 29.106641, 82.455738
NP-W = 28.241177, 83.907361

# level 2 
NP-C-G030001 = 27.927063, 85.730009
NP-C-G030002 = 27.09503, 86.230714
NP-C-G030003 = 27.521303, 85.045991
NP-E-G050001 = 27.605098, 87.28233
NP-E-G050002 = 27.502949, 87.796673
NP-E-G050003 = 27.680314, 86.785928
NP-FAW-G060001 = 29.885329, 80.849061
NP-FAW-G060002 = 29.797548, 81.286884
NP-MID-G140001 = 28.509715, 81.854757
NP-MID-G140002 = 29.196894, 83.034801
NP-MID-G140003 = 28.725542, 82.578549
NP-W-G190001 = 29.039363, 83.893745
NP-W-G190002 = 28.384122, 84.879469
NP-W-G190003 = 27.571333, 83.79897
