# OMN_centers.properties 
# all regions centers (id, lat, long) 

# level 0 
OMN = 22.094225, 57.35873

# level 1 
OH-DHF = 18.339912, 54.169589
OM-BA = 23.521987, 57.468928
OM-DA = 21.626191, 57.161252
OM-DHA = 23.235365, 56.159203
OM-MA = 23.062597, 58.775178
OM-MU = 25.934192, 56.279077
OM-SH = 22.025317, 58.705541
OM-WU = 20.483861, 56.534827

# level 2 
OH-DHF-G080001 = 17.510954, 56.035715
OH-DHF-G080002 = 17.362474, 54.829854
OH-DHF-G080003 = 20.001362, 56.044295
OH-DHF-G080004 = 17.106267, 53.128485
OH-DHF-G080005 = 17.981531, 55.024777
OH-DHF-G080006 = 17.393903, 54.500058
OH-DHF-G080007 = 18.295268, 52.991762
OM-BA-G030001 = 23.457841, 57.453216
OM-BA-G030002 = 23.374999, 57.711903
OM-BA-G030003 = 23.723238, 57.015853
OM-BA-G030004 = 23.671431, 57.728479
OM-BA-G030005 = 23.669767, 57.457715
OM-BA-G030006 = 23.578255, 57.967112
OM-BA-G030007 = 24.424579, 56.396607
OM-BA-G030008 = 23.47831, 57.928139
OM-BA-G030009 = 24.054617, 56.695761
OM-BA-G030010 = 24.668596, 56.313996
OM-BA-G030011 = 24.288917, 56.513789
OM-DA-G010001 = 21.626113, 57.161254
OM-DA-G010002 = 23.04779, 56.970154
OM-DA-G010003 = 22.894631, 57.020633
OM-DA-G010004 = 23.226472, 58.257415
OM-DA-G010005 = 22.986021, 57.929178
OM-DA-G010006 = 22.561286, 57.569329
OM-DA-G010007 = 22.935386, 57.479215
OM-DA-G010008 = 23.174058, 58.165234
OM-DHA-G040001 = 23.792124, 55.791782
OM-DHA-G040002 = 23.25378, 55.911949
OM-DHA-G040003 = 22.879979, 55.970581
OM-DHA-G040004 = 24.322726, 56.080205
OM-DHA-G040005 = 23.794592, 56.352356
OM-MA-G100001 = 23.516336, 58.221834
OM-MA-G100002 = 23.368766, 58.461697
OM-MA-G100003 = 23.438087, 58.59813
OM-MA-G100004 = 23.563697, 58.476937
OM-MA-G100005 = 23.062422, 58.775232
OM-MU-G090001 = 26.099609, 56.225258
OM-MU-G090002 = 26.012897, 56.286392
OM-MU-G090003 = 25.871581, 56.257576
OM-MU-G090004 = 26.318111, 56.387734
OM-SH-G020001 = 21.896798, 58.025572
OM-SH-G020002 = 22.305964, 59.263396
OM-SH-G020003 = 22.150428, 59.380054
OM-SH-G020004 = 21.792299, 58.631674
OM-SH-G020005 = 22.602278, 58.510565
OM-SH-G020006 = 22.137914, 59.366039
OM-SH-G020007 = 20.318125, 58.705266
OM-SH-G020008 = 22.600475, 59.288342
OM-WU-G060001 = 20.483861, 56.534827
