# POL_centers.properties 
# all regions centers (id, lat, long) 

# level 0 
POL = 51.91992609999999, 19.45234270000001

# level 1 
PL-BB = 49.826597, 19.356366
PL-BI = 53.053217, 23.334954
PL-BP = 51.929014, 22.995346
PL-BY = 53.414316, 17.839757
PL-CE = 52.870729, 20.446862
PL-CH = 51.190344, 23.364052
PL-CI = 53.624682, 15.093586
PL-CZ = 50.825101, 19.059463
PL-EL = 53.961955, 19.148441
PL-GD = 54.302326, 18.178568
PL-GO = 52.754198, 15.478248
PL-JE = 51.193743, 15.38415
PL-KA = 51.557074, 17.963835
PL-KL = 50.699824, 20.566063
PL-KO = 52.172243, 18.507944
PL-KOA = 53.838668, 16.129513
PL-KR = 49.440006, 22.226824
PL-KT = 50.260239, 18.754516
PL-KW = 50.028588, 20.009699
PL-LD = 51.812427, 19.446326
PL-LE = 51.814592, 16.620259
PL-LG = 51.369182, 16.115393
PL-LL = 51.267486, 22.263892
PL-LO = 52.572115, 19.748671
PL-LOA = 53.235536, 22.236621
PL-NS = 49.496068, 20.000761
PL-OL = 53.853914, 20.670815
PL-OP = 50.68755, 17.92398
PL-OS = 53.089554, 21.353745
PL-PI = 53.149242, 16.836074
PL-PO = 51.305064, 19.802087
PL-PR = 50.023773, 22.778306
PL-PZ = 52.378248, 17.267639
PL-RA = 51.555591, 20.989114
PL-RZ = 50.058183, 21.86347
PL-SI = 52.181315, 21.933887
PL-SK = 52.031515, 20.168241
PL-SP = 54.248267, 17.158497
PL-SR = 51.504504, 18.748089
PL-SU = 53.935464, 21.918077
PL-TA = 50.669856, 21.740024
PL-TO = 53.318084, 18.906937
PL-TW = 50.020089, 21.022286
PL-WA = 52.240111, 20.997277
PL-WO = 52.680636, 19.036183
PL-WR = 51.150323, 17.042084
PL-WY = 50.555109, 16.678475
PL-ZE = 51.908116, 15.164093
PL-ZM = 50.626283, 22.980797

# level 2 
PL-G1 = 54.315244, 19.366848
