# PRI_centers.properties 
# all regions centers (id, lat, long) 

# level 0 
PRI = 18.228206, -66.898413

# level 1 
PR-72001 = 18.173253, -66.739356
PR-72003 = 18.36224, -67.174186
PR-72005 = 18.470334, -67.12175
PR-72007 = 18.247116, -66.118619
PR-72009 = 18.129288, -66.261606
PR-72011 = 18.285954, -67.109339
PR-72013 = 18.403665, -66.67136
PR-72015 = 17.978847, -66.04793
PR-72017 = 18.43542, -66.56099
PR-72019 = 18.202477, -66.310791
PR-72021 = 18.312072, -66.173071
PR-72023 = 18.081546, -67.145694
PR-72025 = 18.195583, -66.057989
PR-72027 = 18.396941, -66.859804
PR-72029 = 18.283647, -65.887628
PR-72031 = 18.382913, -65.960588
PR-72033 = 18.436611, -66.143512
PR-72035 = 18.09327, -66.169247
PR-72037 = 18.253204, -65.655132
PR-72039 = 18.304659, -66.510558
PR-72041 = 18.177247, -66.164833
PR-72043 = 18.092811, -66.365961
PR-72045 = 18.221409, -66.228192
PR-72047 = 18.295706, -66.329786
PR-72049 = 18.306092, -65.261473
PR-72051 = 18.448175, -66.282607
PR-72053 = 18.315625, -65.655874
PR-72054 = 18.372892, -66.55679
PR-72055 = 17.993736, -66.901635
PR-72057 = 17.98992, -66.148046
PR-72059 = 18.027193, -66.790336
PR-72061 = 18.309132, -66.109532
PR-72063 = 18.268735, -65.974649
PR-72065 = 18.448908, -66.797026
PR-72067 = 18.134184, -67.113357
PR-72069 = 18.141571, -65.815447
PR-72071 = 18.46074, -67.011128
PR-72073 = 18.208868, -66.5842
PR-72075 = 18.038662, -66.481657
PR-72077 = 18.23169, -65.908458
PR-72079 = 18.018287, -67.057342
PR-72081 = 18.303871, -66.867016
PR-72083 = 18.239008, -67.002346
PR-72085 = 18.154495, -65.889577
PR-72087 = 18.427257, -65.911823
PR-72089 = 18.344729, -65.723586
PR-72091 = 18.417213, -66.483895
PR-72093 = 18.175703, -66.974066
PR-72095 = 18.009853, -65.920116
PR-72097 = 18.203101, -67.105983
PR-72099 = 18.380321, -67.082685
PR-72101 = 18.316769, -66.414598
PR-72103 = 18.241173, -65.78281
PR-72105 = 18.29038, -66.251144
PR-72107 = 18.216311, -66.409797
PR-72109 = 18.021306, -66.010741
PR-72111 = 18.077712, -66.718546
PR-72113 = 18.049356, -66.614749
PR-72115 = 18.458604, -66.930106
PR-72117 = 18.324364, -67.227043
PR-72119 = 18.349141, -65.81841
PR-72121 = 18.068408, -66.94675
PR-72123 = 18.004513, -66.2626
PR-72125 = 18.115782, -67.030487
PR-72127 = 18.401616, -66.057413
PR-72129 = 18.140449, -65.97433
PR-72131 = 18.3299, -66.977028
PR-72133 = 17.997045, -66.388935
PR-72135 = 18.364733, -66.231951
PR-72137 = 18.42523, -66.222182
PR-72139 = 18.337395, -66.005003
PR-72141 = 18.266352, -66.676227
PR-72143 = 18.402713, -66.332148
PR-72145 = 18.445889, -66.395036
PR-72147 = 18.120256, -65.444926
PR-72149 = 18.130184, -66.468549
PR-72151 = 18.075417, -65.895295
PR-72153 = 18.088516, -66.862938

# level 2 
