# PRK_centers.properties 
# all regions centers (id, lat, long) 

# level 0 
PRK = 39.930138, 126.425153

# level 1 
KP-CHG = 40.603407, 126.447135
KP-HGY = 41.745263, 129.281717
KP-HWA = 38.508415, 126.400019
KP-KGW = 38.738495, 127.378227
KP-KSO = 37.922275, 126.56351
KP-NAP = 38.902408, 125.464285
KP-NPY = 40.075714, 125.256285
KP-PY = 38.970177, 125.946325
KP-SHA = 38.339249, 125.409561
KP-SHO = 40.161879, 127.504785
KP-SPY = 39.487766, 126.326107
KP-YGN = 40.938832, 128.007821

# level 2 
KP-CHG-G020001 = 40.603407, 126.447135
KP-HGY-G140001 = 41.745263, 129.281717
KP-HGY-G140002 = 42.18564, 130.286704
KP-HGY-G140003 = 42.159221, 130.280128
KP-HWA-G150001 = 38.508415, 126.400019
KP-KGW-G090001 = 38.738495, 127.378227
KP-KGW-G090002 = 39.224285, 127.626328
KP-KGW-G090003 = 39.21928, 127.522919
KP-KSO-G070001 = 37.922275, 126.56351
KP-NAP-G120001 = 38.902408, 125.464285
KP-NPY-G160001 = 40.075714, 125.256285
KP-NPY-G160002 = 39.95723, 124.304672
KP-NPY-G160003 = 39.944444, 124.354778
KP-NPY-G160004 = 39.940813, 124.285299
KP-NPY-G160005 = 39.92661, 124.293161
KP-NPY-G160006 = 39.919945, 124.302672
KP-NPY-G160007 = 39.819473, 124.225666
KP-NPY-G160008 = 39.884796, 124.328568
KP-NPY-G160009 = 39.859825, 124.380672
KP-NPY-G160010 = 39.862269, 124.347903
KP-NPY-G160011 = 39.718089, 124.532682
KP-NPY-G160012 = 39.634638, 124.834955
KP-NPY-G160013 = 39.627918, 124.760099
KP-NPY-G160014 = 39.618534, 124.907583
KP-NPY-G160015 = 39.549198, 124.885191
KP-NPY-G160016 = 39.548039, 125.405083
KP-NPY-G160017 = 39.547644, 124.674676
KP-NPY-G160018 = 39.545627, 124.732167
KP-NPY-G160019 = 39.545894, 125.151025
KP-NPY-G160020 = 39.531873, 125.144395
KP-NPY-G160021 = 39.509492, 124.693162
KP-NPY-G160022 = 39.514592, 125.197888
KP-NPY-G160023 = 39.512011, 124.805039
KP-NPY-G160024 = 39.485684, 124.622504
KP-NPY-G160025 = 39.462895, 124.619477
KP-NPY-G160026 = 39.452051, 124.77767
KP-NPY-G160027 = 39.433243, 124.607701
KP-NPY-G160028 = 39.410228, 124.725261
KP-PY-G190001 = 38.970177, 125.946325
KP-SHA-G220001 = 38.339249, 125.409561
KP-SHA-G220002 = 38.644142, 125.007207
KP-SHA-G220003 = 38.596946, 125.07298
KP-SHA-G220004 = 38.527125, 124.834419
KP-SHA-G220005 = 37.923712, 124.664452
KP-SHA-G220006 = 37.921907, 124.960154
KP-SHA-G220007 = 37.857209, 126.372733
KP-SHA-G220008 = 37.839526, 125.372401
KP-SHA-G220009 = 37.818763, 124.697557
KP-SHA-G220010 = 37.830089, 126.182773
KP-SHA-G220011 = 37.835124, 125.899634
KP-SHA-G220012 = 37.809634, 125.006489
KP-SHA-G220013 = 37.831426, 125.748933
KP-SHA-G220014 = 37.822794, 126.16228
KP-SHA-G220015 = 37.802303, 125.343773
KP-SHA-G220016 = 37.800107, 125.161039
KP-SHA-G220017 = 37.799552, 125.766312
KP-SHA-G220018 = 37.791243, 125.251548
KP-SHA-G220019 = 37.765531, 125.898773
KP-SHA-G220020 = 37.775001, 124.755064
KP-SHA-G220021 = 37.710009, 125.262915
KP-SHA-G220022 = 37.741051, 125.229091
KP-SHA-G220023 = 37.678598, 125.091241
KP-SHA-G220024 = 37.6582, 125.69656
KP-SHA-G220025 = 37.603627, 125.718718
KP-SHO-G210001 = 40.161879, 127.504785
KP-SHO-G210002 = 39.739234, 127.564516
KP-SHO-G210003 = 39.390443, 127.443168
KP-SHO-G210004 = 39.387461, 127.469138
KP-SPY-G230001 = 39.487766, 126.326107
KP-YGN-G240001 = 40.938832, 128.007821
