# QAT_centers.properties 
# all regions centers (id, lat, long) 

# level 0 
QAT = 25.076262, 51.208635

# level 1 
QA-Q = 25.076262, 51.208635

# level 2 
QA-Q-G090001 = 26.176267, 51.232205
QA-Q-G090002 = 25.669991, 52.421008
QA-Q-G090003 = 25.638367, 50.803112
QA-Q-G090004 = 25.529534, 50.888209
QA-Q-G090005 = 25.401847, 51.575408
QA-Q-G090006 = 25.339435, 51.58584
QA-Q-G090007 = 24.63099, 51.341646
QA-Q-G090008 = 26.156117, 51.277514
QA-Q-G090009 = 25.076262, 51.208635
QA-Q-G090010 = 25.754319, 51.597174
QA-Q-G090011 = 25.754033, 51.58712
QA-Q-G090012 = 25.74722, 50.790397
QA-Q-G090013 = 25.746267, 50.774781
QA-Q-G090014 = 25.702813, 50.777546
QA-Q-G090015 = 25.669031, 50.818773
