# ROU_centers.properties 
# all regions centers (id, lat, long) 

# level 0 
ROU = 45.78343495121952, 25.16148797560975

# level 1 
RO-AB = 46.139505, 23.550926
RO-AG = 45.287604, 24.824322
RO-AR = 46.298706, 21.767497
RO-B = 44.55558, 26.167102
RO-BC = 46.43728, 26.949232
RO-BH = 46.999138, 22.192504
RO-BN = 47.227306, 24.411391
RO-BR = 45.125671, 27.646867
RO-BT = 47.828895, 26.817747
RO-BV = 45.860268, 25.242965
RO-BZ = 45.24967, 26.750722
RO-CA = 44.120979, 28.273652
RO-CJ = 46.816763, 23.743629
RO-CS = 45.087433, 21.925451
RO-CT = 44.295421, 26.597742
RO-CV = 45.895573, 26.140653
RO-DB = 44.816217, 25.470651
RO-DJ = 44.208841, 23.615589
RO-GJ = 44.981576, 23.445597
RO-GL = 45.766903, 27.81377
RO-GR = 44.093901, 25.958263
RO-HD = 45.717337, 22.981726
RO-HR = 46.580211, 25.561475
RO-IL = 44.625355, 27.753457
RO-IS = 47.262752, 27.324802
RO-MH = 44.50374, 22.988233
RO-MM = 47.661355, 23.915402
RO-MS = 46.612198, 24.673187
RO-NT = 46.986468, 26.172294
RO-OT = 44.288739, 24.476064
RO-PH = 45.187161, 25.939318
RO-SB = 45.899684, 24.306333
RO-SJ = 47.187291, 23.214253
RO-SM = 47.61537, 22.819527
RO-SV = 47.543637, 25.495644
RO-TL = 45.120242, 29.352069
RO-TM = 45.645006, 21.143554
RO-TR = 44.074528, 25.225219
RO-VL = 45.214685, 24.175269
RO-VN = 45.813057, 27.010028
RO-VS = 46.488787, 27.786881

# level 2 
