# SDN_centers.properties 
# all regions centers (id, lat, long) 

# level 0 
SDN = 15.770267, 30.23628

# level 1 
SD-BEG = 8.117872, 27.06994
SD-C = 12.128194, 34.09447
SD-DAF = 13.228509, 24.780288
SD-E = 20.46231, 35.359324
SD-EQ = 4.842555, 31.058212
SD-KHA = 15.832372, 32.998328
SD-KOR = 13.236304, 29.52707
SD-N = 19.142159, 30.35782
SD-UPN = 8.324491, 31.56536

# level 2 
SD-BEG-G110001 = 8.934039, 25.229732
SD-BEG-G110002 = 6.967365, 29.402209
SD-C-G130001 = 11.29844, 33.61369
SD-C-G130002 = 14.679554, 33.775768
SD-C-G130003 = 12.221033, 32.214747
SD-DAF-G140001 = 18.868002, 25.140019
SD-DAF-G140002 = 10.910572, 26.531355
SD-E-G150001 = 13.787027, 35.637728
SD-E-G150002 = 20.731606, 34.806815
SD-EQ-G160001 = 4.99489, 33.702587
SD-EQ-G160002 = 5.28213, 30.008115
SD-KHA-G240001 = 15.83804, 33.013317
SD-KOR-G250001 = 16.055651, 30.151035
SD-KOR-G250002 = 10.704604, 28.421552
SD-N-G270001 = 20.572442, 32.260541
SD-N-G270002 = 19.651202, 29.889716
SD-UPN-G330001 = 6.614802, 32.605366
SD-UPN-G330002 = 9.137662, 29.630224
