# SGP_centers.properties 
# all regions centers (id, lat, long) 

# level 0 
SGP = 1.36317, 103.78714

# level 1 
SG-S = 1.36317, 103.78714

# level 2 
SG-S-G010001 = 1.36317, 103.78714
SG-S-G010002 = 1.229915, 103.768082
SG-S-G010003 = 1.206685, 103.764163
SG-S-G010004 = 1.184501, 103.729888
SG-S-G010005 = 1.168878, 103.739142
SG-S-G010006 = 1.412132, 104.054666
SG-S-G010007 = 1.415331, 103.945034
SG-S-G010008 = 1.415305, 104.026279
SG-S-G010009 = 1.283141, 103.713059
SG-S-G010010 = 1.27094, 103.702852
SG-S-G010011 = 1.267909, 103.721807
SG-S-G010012 = 1.258475, 103.705564
SG-S-G010013 = 1.245011, 103.834738
