# SOM_centers.properties 
# all regions centers (id, lat, long) 

# level 0 
SOM = 2.527655, 43.006795

# level 1 
SO-BK = 4.426096, 44.128584
SO-BN = 2.09935, 45.351278
SO-BR = 9.982318, 49.912827
SO-BY = 2.683112, 43.812471
SO-GA = 5.715893, 46.609924
SO-GE = 2.630219, 41.8033
SO-HI = 4.051018, 45.514624
SO-JD = 1.514252, 41.795375
SO-JH = 0.200537, 41.863587
SO-MU = 6.629962, 48.319783
SO-NU = 8.735262, 48.319668
SO-SA = 10.203469, 47.520666
SO-SD = 2.831384, 45.775658
SO-SH = 1.930903, 44.317548
SO-TO = 9.229522, 46.010919
SO-WO = 9.767246, 44.173839

# level 2 
SO-BK-G020001 = 4.448035, 43.820428
SO-BK-G020002 = 4.153191, 43.333697
SO-BK-G020003 = 4.021484, 44.338584
SO-BK-G020004 = 3.858, 43.426784
SO-BK-G020005 = 4.447554, 43.829775
SO-BN-G030001 = 2.09935, 45.351278
SO-BR-G040001 = 9.483419, 50.374843
SO-BR-G040002 = 10.918079, 49.48394
SO-BR-G040003 = 11.637982, 50.855182
SO-BR-G040004 = 10.313046, 50.069676
SO-BR-G040005 = 11.163713, 50.02463
SO-BR-G040006 = 9.491358, 49.567416
SO-BY-G050001 = 3.125368, 43.795145
SO-BY-G050002 = 2.408392, 44.064847
SO-BY-G050003 = 2.229341, 42.808418
SO-BY-G050004 = 2.726072, 42.861104
SO-GA-G070001 = 5.791418, 45.833709
SO-GA-G070002 = 6.301591, 47.048619
SO-GA-G070003 = 4.915248, 47.076451
SO-GA-G070004 = 4.222447, 47.126578
SO-GA-G070005 = 5.180766, 47.064279
SO-GE-G060001 = 2.27218, 41.400485
SO-GE-G060002 = 3.326555, 41.896739
SO-GE-G060003 = 2.59994, 41.465773
SO-GE-G060004 = 3.965434, 42.318218
SO-GE-G060005 = 3.491272, 42.46801
SO-GE-G060006 = 3.425582, 42.627217
SO-HI-G080001 = 4.790232, 45.433909
SO-HI-G080002 = 3.784742, 45.61757
SO-HI-G080003 = 3.515388, 45.593871
SO-JD-G090001 = 1.06749, 42.852593
SO-JD-G090002 = 0.71392, 43.019387
SO-JD-G090003 = 1.523718, 41.765695
SO-JH-G100001 = 0.674962, 41.84904
SO-JH-G100002 = -0.619854, 41.490675
SO-JH-G100003 = 0.117678, 42.742567
SO-JH-G100004 = -0.504437, 41.595983
SO-MU-G110001 = 7.266487, 48.012443
SO-MU-G110002 = 7.048102, 47.160796
SO-MU-G110003 = 6.090355, 48.23644
SO-MU-G110004 = 7.05961, 48.838796
SO-MU-G110005 = 4.814875, 47.714712
SO-NU-G120001 = 8.095541, 48.651817
SO-NU-G120002 = 8.212132, 49.491058
SO-NU-G120003 = 8.149454, 48.664653
SO-NU-G120004 = 8.500938, 47.597426
SO-NU-G120005 = 9.152784, 48.339378
SO-NU-G120006 = 9.012725, 47.47994
SO-SA-G130001 = 10.011662, 48.687486
SO-SA-G130002 = 10.066884, 46.698228
SO-SA-G130003 = 10.1547, 48.016163
SO-SD-G140001 = 3.68263, 46.710097
SO-SD-G140002 = 2.442378, 45.407728
SO-SD-G140003 = 3.207363, 46.294811
SO-SD-G140004 = 3.066795, 45.616794
SO-SH-G150001 = 2.453008, 45.173622
SO-SH-G150002 = 1.050391, 43.566849
SO-SH-G150003 = 1.772544, 44.187381
SO-SH-G150004 = 1.820943, 44.724607
SO-SH-G150005 = 2.014872, 44.280521
SO-SH-G150006 = 1.2644, 43.708159
SO-SH-G150007 = 2.66688, 44.996992
SO-TO-G170001 = 9.205064, 45.470673
SO-TO-G170002 = 8.608, 46.526104
SO-TO-G170003 = 9.564276, 46.277265
SO-TO-G170004 = 9.199534, 45.269655
SO-TO-G170005 = 10.137744, 45.468636
SO-WO-G180001 = 10.036747, 43.565883
SO-WO-G180002 = 10.248674, 45.510005
SO-WO-G180003 = 10.105925, 43.344833
SO-WO-G180004 = 9.734326, 43.837666
SO-WO-G180005 = 9.56578, 44.208587
SO-WO-G180006 = 10.465425, 43.738309
SO-WO-G180007 = 10.948768, 43.303459
