# SUR_centers.properties 
# all regions centers (id, lat, long) 

# level 0 
SUR = 4.16825, -55.967105

# level 1 
SR-BR = 5.01002, -55.154412
SR-CM = 5.818075, -54.913069
SR-CR = 5.640426, -56.253997
SR-MA = 5.608648, -54.332832
SR-NI = 5.623967, -56.875744
SR-PM = 5.854965, -55.198147
SR-PR = 5.255062, -55.655797
SR-SA = 5.723665, -55.637145
SR-SI = 4.075833, -56.435539
SR-WA = 5.731833, -55.269742

# level 2 
SR-BR-G010001 = 5.05847, -55.221116
SR-BR-G010002 = 5.082877, -54.972465
SR-BR-G010003 = 5.171968, -55.233741
SR-BR-G010004 = 5.037397, -55.385764
SR-BR-G010005 = 5.293628, -55.072828
SR-BR-G010006 = 4.635967, -55.055888
SR-CM-G020001 = 5.841395, -55.03578
SR-CM-G020002 = 5.932831, -54.844159
SR-CM-G020003 = 5.941628, -55.06645
SR-CM-G020004 = 5.61134, -54.926042
SR-CM-G020005 = 5.832484, -55.089532
SR-CM-G020006 = 5.789171, -54.837175
SR-CR-G030001 = 5.787686, -56.448256
SR-CR-G030002 = 5.619911, -56.359796
SR-CR-G030003 = 5.6144, -56.158268
SR-MA-G040001 = 5.476742, -54.170637
SR-MA-G040002 = 5.737485, -54.12696
SR-MA-G040003 = 5.795625, -54.620718
SR-MA-G040004 = 5.450015, -54.183165
SR-MA-G040005 = 5.428625, -54.424302
SR-MA-G040006 = 5.795111, -54.452089
SR-NI-G050001 = 5.516513, -56.95099
SR-NI-G050002 = 5.928393, -56.974844
SR-NI-G050003 = 5.941394, -56.92093
SR-NI-G050004 = 5.497581, -56.737544
SR-NI-G050005 = 5.595943, -57.073235
SR-PM-G070001 = 5.813452, -55.194033
SR-PM-G070002 = 5.870132, -55.146054
SR-PM-G070003 = 5.830744, -55.191956
SR-PM-G070004 = 5.82709, -55.212228
SR-PM-G070005 = 5.802551, -55.217893
SR-PM-G070006 = 5.790464, -55.177716
SR-PM-G070007 = 5.858428, -55.191372
SR-PM-G070008 = 5.785835, -55.219409
SR-PM-G070009 = 5.882959, -55.17498
SR-PM-G070010 = 5.826812, -55.227682
SR-PM-G070011 = 5.888782, -55.255603
SR-PM-G070012 = 5.839622, -55.211706
SR-PR-G060001 = 5.255048, -55.655848
SR-PR-G060002 = 5.363907, -54.827166
SR-PR-G060003 = 5.606095, -55.305871
SR-PR-G060004 = 5.441544, -55.047435
SR-PR-G060005 = 5.461112, -55.25031
SR-SA-G080001 = 5.567198, -55.730731
SR-SA-G080002 = 5.814748, -55.482169
SR-SA-G080003 = 5.806509, -55.398242
SR-SA-G080004 = 5.65096, -55.483971
SR-SA-G080005 = 5.779626, -55.575108
SR-SA-G080006 = 5.902378, -55.447837
SR-SI-G090001 = 4.010874, -55.537372
SR-SI-G090002 = 4.065101, -55.980821
SR-SI-G090003 = 2.887929, -56.628013
SR-SI-G090004 = 4.328867, -56.50403
SR-SI-G090005 = 4.228527, -57.467714
SR-SI-G090006 = 3.29711, -54.862588
#SR-SR-UNK-1 = 5.940458, -55.220761
SR-UNK-G000001 = 5.940458, -55.220761
SR-WA-G100001 = 5.761635, -55.226693
SR-WA-G100002 = 5.699898, -55.109165
SR-WA-G100003 = 5.758956, -55.164111
SR-WA-G100004 = 5.776389, -55.282327
SR-WA-G100005 = 5.888562, -55.275295
SR-WA-G100006 = 5.702558, -55.310822
SR-WA-G100007 = 5.833241, -55.293689
