# SYR_centers.properties 
# all regions centers (id, lat, long) 

# level 0 
SYR = 35.033785, 38.208598

# level 1 
SY-DI = 33.663675, 36.796517
SY-DR = 32.825013, 36.146494
SY-DY = 34.971453, 40.393317
SY-HA = 36.445493, 40.699993
SY-HI = 34.352448, 38.760844
SY-HL = 36.096802, 37.522012
SY-HM = 35.255231, 37.37225
SY-ID = 35.699889, 36.713542
SY-LA = 35.616509, 36.007972
SY-QU = 32.994302, 35.924737
SY-RA = 35.940119, 39.02024
SY-SU = 32.733277, 36.826598
SY-TA = 34.851993, 36.065416

# level 2 
SY-DI-G060001 = 33.663675, 36.796517
SY-DR-G040001 = 32.825013, 36.146494
SY-DY-G050001 = 34.971453, 40.393317
SY-HA-G080001 = 36.445493, 40.699993
SY-HI-G090001 = 34.352448, 38.760844
SY-HL-G010001 = 36.096802, 37.522012
SY-HM-G070001 = 35.255231, 37.37225
SY-ID-G100001 = 35.699889, 36.713542
SY-LA-G120001 = 35.616509, 36.007972
SY-QU-G110001 = 32.994302, 35.924737
SY-RA-G020001 = 35.940119, 39.02024
SY-SU-G030001 = 32.733277, 36.826598
SY-TA-G140001 = 34.851993, 36.065416
