# TGO_centers.properties 
# all regions centers (id, lat, long) 

# level 0 
TGO = 8.83315, 1.078235

# level 1 
TG-C = 8.760043, 1.244897
TG-K = 9.60028, 0.95516
TG-M = 6.433933, 1.267586
TG-P = 7.456464, 1.140812
TG-S = 10.627619, 0.498947

# level 2 
TG-C-G010001 = 8.498843, 0.958012
TG-C-G010002 = 8.626979, 1.442423
TG-C-G010003 = 9.025971, 1.185136
TG-K-G020001 = 9.317733, 1.204415
TG-K-G020002 = 9.627448, 0.653469
TG-K-G020003 = 9.787456, 1.296219
TG-K-G020004 = 9.746985, 0.994522
TG-K-G020005 = 10.020853, 0.971667
TG-K-G020006 = 9.552543, 1.148153
TG-M-G030001 = 6.217213, 1.171963
TG-M-G030002 = 6.339877, 1.699427
TG-M-G030003 = 6.382948, 1.488468
TG-M-G030004 = 6.695734, 1.436132
TG-M-G030005 = 6.531054, 1.075445
TG-P-G040001 = 7.404383, 0.995713
TG-P-G040002 = 6.978571, 1.229313
TG-P-G040003 = 7.123462, 0.781257
TG-P-G040004 = 7.52788, 1.394566
TG-P-G040005 = 7.576168, 0.742374
TG-S-G050001 = 10.419593, 0.566372
TG-S-G050002 = 10.803604, 0.227626
