# THA_centers.properties 
# all regions centers (id, lat, long) 

# level 0 
THA = 15.457667, 101.378879

# level 1 
TH-0 = 13.80461, 100.636886
TH-C = 14.226698, 99.754746
TH-N = 18.248112, 99.467007
TH-NE = 15.996824, 103.22864
TH-S = 8.553856, 99.322433

# level 2 
TH-0-G030001 = 13.80461, 100.636886
TH-C-G050001 = 14.627096, 100.350632
TH-C-G050002 = 13.531154, 101.702726
TH-C-G050003 = 15.11464, 99.975288
TH-C-G050004 = 12.859489, 102.143006
TH-C-G050005 = 13.303242, 101.201019
TH-C-G050006 = 14.276231, 99.350928
TH-C-G050007 = 15.171604, 100.900709
TH-C-G050008 = 13.949791, 100.115015
TH-C-G050009 = 14.152057, 101.08483
TH-C-G050010 = 13.893917, 100.396712
TH-C-G050011 = 14.067084, 100.775897
TH-C-G050012 = 12.882478, 99.613189
TH-C-G050013 = 14.327711, 100.609171
TH-C-G050014 = 13.826018, 102.187358
TH-C-G050015 = 12.327244, 99.734724
TH-C-G050016 = 13.484693, 99.487573
TH-C-G050017 = 12.853614, 101.561548
TH-C-G050018 = 13.595104, 100.775947
TH-C-G050019 = 13.55933, 100.161685
TH-C-G050020 = 13.425448, 99.960681
TH-C-G050021 = 14.562569, 100.954652
TH-C-G050022 = 14.892242, 100.342444
TH-C-G050023 = 14.366994, 100.045658
TH-C-G050024 = 12.402741, 102.563378
TH-N-G360001 = 19.362326, 98.962548
TH-N-G360002 = 19.910209, 99.957578
TH-N-G360003 = 16.306373, 99.551809
TH-N-G360004 = 18.659931, 99.715102
TH-N-G360005 = 18.410768, 99.01584
TH-N-G360006 = 19.412687, 98.3196
TH-N-G360007 = 15.598121, 100.426187
TH-N-G360008 = 18.732576, 100.800574
TH-N-G360009 = 19.152917, 100.191919
TH-N-G360010 = 16.210139, 101.01942
TH-N-G360011 = 16.236852, 100.363009
TH-N-G360012 = 16.947521, 100.528864
TH-N-G360013 = 18.194197, 100.154205
TH-N-G360014 = 17.389339, 99.737035
TH-N-G360015 = 17.031538, 98.891264
TH-N-G360016 = 15.341197, 99.320442
TH-N-G360017 = 17.637265, 100.277551
TH-NE-G350001 = 14.624273, 102.874715
TH-NE-G350002 = 16.125633, 101.811004
TH-NE-G350003 = 16.57018, 103.512088
TH-NE-G350004 = 16.52113, 102.691707
TH-NE-G350005 = 17.400304, 101.632131
TH-NE-G350006 = 15.97265, 103.199153
TH-NE-G350007 = 16.704703, 104.472346
TH-NE-G350008 = 14.890468, 101.946149
TH-NE-G350009 = 18.092164, 103.899751
TH-NE-G350010 = 15.72292, 103.729669
TH-NE-G350011 = 17.465257, 103.691023
TH-NE-G350012 = 14.731931, 104.415035
TH-NE-G350013 = 14.727971, 103.652912
TH-NE-G350014 = 15.599562, 104.981764
TH-NE-G350015 = 17.301359, 102.437814
TH-NE-G350016 = 15.91044, 104.276496
TH-S-G620001 = 10.70397, 99.130682
TH-S-G620002 = 8.145739, 99.100144
TH-S-G620003 = 8.348419, 99.701787
TH-S-G620004 = 6.166968, 101.736203
TH-S-G620005 = 6.729466, 101.438646
TH-S-G620006 = 8.503473, 98.420814
TH-S-G620007 = 7.614662, 100.018779
TH-S-G620008 = 8.035653, 98.352714
TH-S-G620009 = 10.105578, 98.803423
TH-S-G620010 = 6.915687, 99.933831
TH-S-G620011 = 6.786993, 100.567034
TH-S-G620012 = 9.042451, 98.901374
TH-S-G620013 = 7.642603, 99.563032
TH-S-G620014 = 6.387571, 101.238169
