# TJK_centers.properties 
# all regions centers (id, lat, long) 

# level 0 
TJK = 38.342755, 72.807548

# level 1 
TJ-GB = 38.339487, 72.833866
TJ-KT = 37.858665, 69.001071
TJ-LE = 39.421418, 68.956232
TJ-TA = 39.030338, 71.347386

# level 2 
TJ-GB-G010001 = 38.339487, 72.833866
TJ-KT-G020001 = 37.858665, 69.001071
TJ-LE-G030001 = 39.421418, 68.956232
TJ-TA-G050001 = 39.030338, 71.347386
