# TKM_centers.properties 
# all regions centers (id, lat, long) 

# level 0 
TKM = 39.853943, 58.657024

# level 1 
TM-CHA = 37.911025, 64.435738
TM-M = 37.086914, 62.404793
TM-TAS = 41.250563, 58.94604
TM-TT = 39.668813, 55.400113

# level 2 
TM-CHA-G030001 = 37.911025, 64.435738
TM-M-G060001 = 37.086914, 62.404793
TM-TAS-G070001 = 41.250563, 58.94604
TM-TT-G080001 = 39.668813, 55.400113
TM-TT-G080002 = 38.928769, 53.057138
TM-TT-G080003 = 41.510072, 52.551379
TM-TT-G080004 = 40.795813, 52.86719
TM-TT-G080005 = 39.887249, 53.462998
TM-TT-G080006 = 39.831383, 52.972941
TM-TT-G080007 = 39.77292, 53.057366
TM-TT-G080008 = 39.680684, 53.1336
TM-TT-G080009 = 39.650366, 53.499354
TM-TT-G080010 = 39.278304, 53.528929
