# TUN_centers.properties 
# all regions centers (id, lat, long) 

# level 0 
TUN = 35.330613, 9.605135

# level 1 
TN-R1 = 36.795363, 10.101182
TN-R2 = 36.367763, 9.984102
TN-R3 = 36.330727, 8.973694
TN-R4 = 35.059763, 9.551507
TN-R5 = 35.261652, 10.634333
TN-R6 = 33.799404, 8.471302
TN-R7 = 32.783549, 10.652475

# level 2 
TN-R1-G140001 = 36.830563, 9.853566
TN-R1-G140002 = 36.645181, 10.224143
TN-R1-G140003 = 36.806541, 10.162794
TN-R2-G150001 = 37.055836, 9.468018
TN-R2-G150002 = 36.630342, 10.682666
TN-R2-G150003 = 36.367846, 9.984194
TN-R3-G160001 = 36.1055, 8.674274
TN-R3-G160002 = 36.602721, 9.260133
TN-R3-G160003 = 36.635561, 8.77438
TN-R3-G160004 = 36.145046, 9.388152
TN-R4-G170001 = 35.577334, 9.842973
TN-R4-G170002 = 35.36368, 8.800763
TN-R4-G170003 = 34.884586, 9.573155
TN-R5-G180001 = 35.318588, 10.364117
TN-R5-G180002 = 35.627045, 10.738342
TN-R5-G180003 = 34.800919, 10.320264
TN-R5-G180004 = 35.799693, 10.421532
TN-R6-G190001 = 34.430744, 8.812402
TN-R6-G190002 = 33.311911, 8.822716
TN-R6-G190003 = 33.890267, 7.889665
TN-R7-G200001 = 33.644655, 9.904855
TN-R7-G200002 = 32.809378, 11.291347
TN-R7-G200003 = 32.048314, 9.764485
