# UKR_centers.properties 
# all regions centers (id, lat, long) 

# level 0 
UKR = 48.989569439999975, 30.628384560000004

# level 1 
UA-CHH = 51.348171, 31.589012
UA-CHK = 49.513577, 32.073611
UA-CHV = 48.285474, 25.911951
UA-DNP = 48.113193, 34.139877
UA-DNT = 48.063772, 37.66385
UA-IVF = 48.766494, 24.537271
UA-KKV = 49.490177, 36.494182
UA-KML = 49.552631, 26.943319
UA-KRM = 45.243618, 34.155263
UA-KRN = 46.861906, 33.666342
UA-KVG = 48.397215, 32.303308
UA-KYV = 50.089705, 30.482732
UA-LHN = 49.078281, 38.971267
UA-LVV = 49.716656, 23.849362
UA-MKL = 47.316872, 32.353978
UA-ODS = 46.944227, 30.470345
UA-PLT = 49.69435, 33.861639
UA-RVN = 51.210664, 26.64949
UA-SUM = 51.084977, 33.765017
UA-TRN = 49.362007, 25.608803
UA-VLY = 51.177979, 24.845691
UA-VNT = 48.947276, 28.609626
UA-ZKP = 48.511247, 22.797358
UA-ZPR = 47.31432, 35.610383
UA-ZTM = 50.654447, 28.355937

# level 2 
