# URY_centers.properties 
# all regions centers (id, lat, long) 

# level 0 
URY = -32.943002, -56.052097

# level 1 
UY-AR = -30.596019, -56.922958
UY-CA = -34.529589, -55.882258
UY-CL = -32.292863, -54.226487
UY-CO = -34.16194, -57.42846
UY-DU = -32.968339, -55.608423
UY-FD = -33.83135, -55.913714
UY-FS = -33.597875, -56.845549
UY-LA = -33.720588, -54.891284
UY-MA = -34.670077, -54.894082
UY-MO = -34.80663, -56.166294
UY-PA = -32.013688, -57.686725
UY-RN = -32.736039, -57.299727
UY-RO = -33.878033, -53.98557
UY-RV = -31.483806, -55.394152
UY-SA = -31.395267, -56.921028
UY-SJ = -34.346984, -56.777978
UY-SO = -33.489023, -57.727658
UY-TA = -32.062793, -55.895496
UY-TT = -33.032634, -54.279959

# level 2 
UY-AR-G010001 = -30.596019, -56.922958
UY-CA-G020001 = -34.67261, -56.440749
UY-CA-G020002 = -34.529589, -55.882259
UY-CL-G030001 = -32.292863, -54.226487
UY-CO-G040001 = -34.456076, -57.886775
UY-CO-G040002 = -34.16194, -57.42846
UY-DU-G050001 = -32.968339, -55.608423
UY-FD-G070001 = -33.83135, -55.913714
UY-FS-G060001 = -33.597875, -56.845549
UY-LA-G080001 = -33.42894, -54.465961
UY-LA-G080002 = -33.720588, -54.891284
UY-MA-G090001 = -34.93618, -54.975425
UY-MA-G090002 = -34.670077, -54.894082
UY-MO-G100001 = -34.80663, -56.166294
UY-PA-G110001 = -32.013688, -57.686725
UY-PA-G110002 = -31.85041, -58.137727
UY-RN-G120001 = -32.662734, -56.017671
UY-RN-G120002 = -33.34589, -58.272784
UY-RN-G120003 = -32.715958, -57.352506
UY-RN-G120004 = -33.072555, -57.152203
UY-RN-G120005 = -33.320371, -58.259739
UY-RO-G140001 = -33.878033, -53.98557
UY-RO-G140002 = -33.167255, -53.695623
UY-RV-G130001 = -31.483806, -55.394152
UY-SA-G150001 = -31.395267, -56.921028
UY-SJ-G160001 = -34.346984, -56.777978
UY-SO-G170001 = -33.489023, -57.727658
UY-TA-G180001 = -32.062793, -55.895496
UY-TT-G190001 = -33.121826, -53.670268
UY-TT-G190002 = -33.077962, -53.661702
UY-TT-G190003 = -32.744118, -53.407322
UY-TT-G190004 = -33.032634, -54.279959
UY-TT-G190005 = -32.770111, -53.349851
UY-TT-G190006 = -33.074491, -53.628174
UY-TT-G190007 = -33.077962, -53.661702
UY-TT-G190008 = -33.121826, -53.670268
