# UZB_centers.properties 
# all regions centers (id, lat, long) 

# level 0 
UZB = 41.593668, 64.012687

# level 1 
UZ-AN = 40.820921, 72.321632
UZ-AS = 44.886139, 59.901189
UZ-BU = 40.052903, 63.734729
UZ-FA = 40.542813, 71.463962
UZ-NG = 41.096733, 71.657644
UZ-QA = 38.737245, 66.445378
UZ-QR = 43.209216, 55.999826
UZ-SA = 42.24974, 64.31927
UZ-SI = 40.454174, 67.902925
UZ-SU = 38.11887, 67.57745
UZ-TO = 41.196521, 69.832327
UZ-XO = 41.521054, 60.450344

# level 2 
UZ-AN-G010001 = 40.820921, 72.321632
UZ-AS-G020001 = 45.646323, 59.82452
UZ-AS-G020002 = 45.324916, 59.186655
UZ-AS-G020003 = 45.31804, 61.249639
UZ-AS-G020004 = 45.305792, 61.288167
UZ-AS-G020005 = 45.279586, 59.292761
UZ-AS-G020006 = 45.162613, 61.223465
UZ-AS-G020007 = 45.067115, 59.064436
UZ-AS-G020008 = 45.046839, 61.310738
UZ-AS-G020009 = 45.077263, 59.296622
UZ-AS-G020010 = 44.931256, 61.668513
UZ-AS-G020011 = 44.897801, 59.249616
UZ-AS-G020012 = 44.901567, 61.552163
UZ-AS-G020013 = 44.825828, 59.199758
UZ-AS-G020014 = 44.578672, 60.978006
UZ-AS-G020015 = 44.4768, 58.89119
UZ-AS-G020016 = 44.399515, 60.956099
UZ-AS-G020017 = 44.392801, 60.727893
UZ-AS-G020018 = 44.315566, 60.885086
UZ-AS-G020019 = 44.274692, 60.959126
UZ-AS-G020020 = 44.283299, 60.95184
UZ-AS-G020021 = 44.251633, 60.924828
UZ-AS-G020022 = 44.223939, 60.792101
UZ-AS-G020023 = 44.181552, 60.772306
UZ-AS-G020024 = 44.182448, 60.493346
UZ-AS-G020025 = 44.147123, 60.76657
UZ-AS-G020026 = 44.1214, 60.658738
UZ-AS-G020027 = 44.10098, 60.638075
UZ-AS-G020028 = 44.019823, 60.303256
UZ-AS-G020029 = 43.988207, 58.674582
UZ-AS-G020030 = 43.953884, 60.256471
UZ-AS-G020031 = 43.924004, 60.298355
UZ-AS-G020032 = 43.785676, 60.096089
UZ-AS-G020033 = 43.618795, 59.926364
UZ-AS-G020034 = 43.516856, 59.973483
UZ-AS-G020035 = 44.886139, 59.901189
UZ-AS-G020036 = 46.193804, 61.149784
UZ-AS-G020037 = 45.790331, 60.84172
UZ-BU-G030001 = 40.052903, 63.734729
UZ-FA-G040001 = 40.542813, 71.463962
UZ-NG-G090001 = 41.096733, 71.657644
UZ-QA-G070001 = 38.737245, 66.445378
UZ-QR-G060001 = 43.209216, 55.999826
UZ-SA-G110001 = 42.24974, 64.31927
UZ-SI-G130001 = 40.454174, 67.902925
UZ-SU-G120001 = 38.11887, 67.57745
UZ-TO-G140001 = 41.196521, 69.832327
UZ-XO-G080001 = 41.521054, 60.450344
