# YEM_centers.properties 
# all regions centers (id, lat, long) 

# level 0 
YEM = 16.644358, 49.706035

# level 1 
YE-N = 15.619317, 44.196337
YE-S = 16.820661, 50.392008

# level 2 
YE-N-G150001 = 15.619317, 44.196337
YE-S-G160001 = 13.881067, 46.366981
YE-S-G160002 = 12.849641, 43.927611
YE-S-G160003 = 17.552504, 51.734383
YE-S-G160004 = 17.411727, 49.640192
YE-S-G160005 = 13.422921, 44.737514
YE-S-G160006 = 15.074702, 46.951289
YE-S-G160007 = 12.508598, 53.633803
