# ZMB_centers.properties 
# all regions centers (id, lat, long)

# level 0
ZMB = -15.416667, 28.283333

# Level 1 (admin 1 = e.g., state)
ZM-02 = -14, 29
ZM-08 = -13, 28
ZM-03 = -13, 32.25
ZM-04 = -11, 29
ZM-09 = -15.416667, 29
ZM-06 = -13, 25
ZM-05 = -11, 31
ZM-07 = -16.5, 27
ZM-0 = -16.056111, 23.752222

# Level 2 (admin 2 = e.g., country)
