# MYS_centers.properties 
# all regions centers (id, lat, long) 
# level 0 
MYS=2.466945, 113.777972
# level 1 
MY-JOH=1.487222, 103.781111
MY-SAB=5.25, 117
MY-KLN=5.25, 102
MY-KED=6.128333, 100.362778
MY-PER=4.75, 101
MY-KLL=3.1357, 101.688
MY-MEL=2.2, 102.25
MY-TRN=4.75, 103
MY-SRW=2.0, 113.0
MY-PPN=5.4, 100.233333
MY-NSM=2.75, 102.25
MY-PHN=3.75, 102.5
MY-SLN=3.333333, 101.5
MY-PRL=6.5, 100.25