# TCD_centers.properties 
# all regions centers (id, lat, long) 

# level 0 
TCD = 17.414863, 19.467743

# level 1 
TD-BA = 14.066801, 18.804374
TD-BET = 18.960404, 18.592282
TD-BI = 15.000041, 21.615881
TD-CB = 11.901994, 16.280289
TD-GR = 11.153739, 18.19052
TD-KA = 14.816391, 16.379305
TD-LC = 13.57081, 14.304817
TD-LO = 8.714754, 15.688501
TD-LR = 8.330759, 16.69276
TD-MC = 8.859645, 18.013622
TD-MK = 9.40076, 14.925401
TD-OD = 12.543923, 21.046689
TD-SA = 10.716063, 20.662221
TD-TA = 9.585378, 16.6579

# level 2 
TD-BA-G010001 = 14.066801, 18.804374
TD-BET-G030001 = 18.960404, 18.592282
TD-BI-G020001 = 15.000041, 21.615881
TD-CB-G040001 = 11.901994, 16.280289
TD-GR-G050001 = 11.153739, 18.19052
TD-KA-G060001 = 14.816391, 16.379305
TD-LC-G070001 = 13.57081, 14.304817
TD-LO-G080001 = 8.714754, 15.688501
TD-LR-G090001 = 8.330759, 16.69276
TD-MC-G110001 = 8.859645, 18.013622
TD-MK-G100001 = 9.40076, 14.925401
TD-OD-G120001 = 12.543923, 21.046689
TD-SA-G130001 = 10.716063, 20.662221
TD-TA-G140001 = 9.585378, 16.6579
